133,06.11.2021,05,07,14,15,17,18,20,22,26,32,44,46,51,57,59,60,76,78,84,86
134,09.11.2021,12,16,26,27,28,29,38,43,44,45,48,53,54,62,64,68,70,76,79,83
135,11.11.2021,07,12,18,22,27,31,33,36,37,38,41,43,55,57,62,63,69,73,74,79
136,13.11.2021,04,06,08,10,20,21,39,45,46,47,50,55,74,78,79,81,83,85,86,89
137,16.11.2021,03,09,11,16,21,23,24,26,31,32,33,36,37,43,48,51,54,55,70,88
138,18.11.2021,10,14,15,18,19,26,27,32,34,36,42,64,65,69,73,76,80,86,89,90
139,20.11.2021,02,03,04,12,22,23,27,33,45,46,48,51,52,53,59,66,76,83,86,88
140,23.11.2021,02,03,08,09,11,15,19,29,30,32,34,40,44,48,72,73,76,81,82,84
141,25.11.2021,03,05,06,08,17,25,33,37,39,49,52,63,67,70,77,79,81,83,85,87
142,27.11.2021,02,04,17,25,29,33,36,37,38,41,42,45,46,50,57,64,78,79,83,86
143,30.11.2021,03,07,08,12,14,16,18,26,48,52,55,57,61,65,69,80,81,85,86,88
144,02.12.2021,11,18,23,26,29,30,32,34,35,39,43,46,51,60,68,72,73,77,82,90
145,04.12.2021,07,09,10,11,15,26,29,31,33,47,49,64,67,71,72,74,78,80,84,85
146,07.12.2021,06,10,15,22,28,30,32,35,36,51,54,59,67,69,72,75,79,86,88,90
147,09.12.2021,02,03,10,13,16,19,20,26,36,43,59,62,67,69,73,75,77,82,85,86
148,11.12.2021,05,11,16,17,22,35,37,39,41,51,56,57,63,73,74,77,80,84,88,89
149,14.12.2021,01,03,10,11,12,24,27,28,29,33,35,42,45,50,65,68,73,80,87,89
150,16.12.2021,09,14,22,25,28,29,32,42,43,44,46,48,52,55,61,69,70,81,82,90
151,18.12.2021,03,05,06,07,32,33,34,36,38,43,49,53,55,56,59,62,63,66,74,82
152,21.12.2021,18,23,33,34,35,37,38,52,53,55,57,59,64,65,71,73,77,79,81,90
153,23.12.2021,02,10,11,16,28,29,30,31,33,41,42,45,49,57,58,64,65,70,75,89
154,27.12.2021,01,06,07,14,17,18,30,36,39,42,44,45,46,58,61,66,68,74,76,84
155,28.12.2021,06,11,13,17,18,27,37,41,50,52,57,61,64,66,75,82,83,84,89,90
156,30.12.2021,04,06,07,09,15,16,24,32,36,45,48,54,57,61,66,69,70,75,88,89
1,03.01.2022,09,16,17,19,28,30,34,38,48,49,56,57,58,64,70,73,74,79,87,89
2,04.01.2022,10,11,13,18,21,30,36,37,38,43,46,48,63,68,70,71,75,77,78,90
3,07.01.2022,01,16,36,37,40,42,45,46,48,53,58,59,60,62,74,75,79,80,84,89
4,08.01.2022,02,16,17,19,22,23,30,31,37,41,56,62,66,69,72,78,82,86,87,88
5,11.01.2022,01,04,07,08,12,19,23,28,39,40,44,46,55,58,60,62,64,79,88,90
6,13.01.2022,02,03,10,11,25,26,33,41,47,49,55,68,71,72,73,78,83,86,88,90
7,15.01.2022,01,02,06,14,15,18,19,42,44,47,57,63,68,70,73,76,78,81,85,88
8,18.01.2022,04,10,16,23,24,28,36,37,43,48,54,55,57,65,68,74,76,78,82,90
9,20.01.2022,10,13,14,19,23,34,39,44,49,54,57,63,67,69,77,78,79,83,85,87
10,22.01.2022,01,13,14,17,19,22,29,30,32,33,34,37,47,55,56,68,73,81,84,88
11,25.01.2022,04,09,15,16,21,26,28,32,36,42,43,44,51,54,71,74,76,78,81,88
12,27.01.2022,05,19,20,23,31,32,34,36,38,42,47,48,58,59,62,69,71,73,78,89
13,29.01.2022,01,03,13,14,15,17,23,34,38,42,47,54,63,64,66,68,71,86,87,88
14,01.02.2022,01,06,19,20,24,29,30,39,44,54,57,60,68,70,73,74,75,82,86,90
15,03.02.2022,01,06,08,11,27,32,34,39,50,52,54,58,62,63,64,70,74,75,76,87
16,05.02.2022,07,11,12,19,21,25,26,30,32,46,47,57,58,61,62,70,73,79,85,87
17,08.02.2022,09,11,13,14,19,22,27,29,34,37,39,43,55,60,66,69,81,83,85,89
18,10.02.2022,02,03,04,05,06,32,35,38,43,45,48,55,65,67,69,73,75,79,83,87
19,12.02.2022,03,07,08,11,28,32,38,41,47,49,51,59,61,69,71,79,82,84,85,90
20,15.02.2022,04,16,19,26,30,42,46,51,52,53,54,55,57,67,70,72,77,83,87,89
21,17.02.2022,01,02,04,07,09,12,16,31,36,39,40,43,44,49,53,57,64,65,69,86
22,19.02.2022,03,06,14,15,20,21,22,23,27,28,29,30,36,59,68,71,76,77,81,82
23,22.02.2022,06,07,10,11,14,21,35,36,43,44,52,55,60,71,72,77,81,83,88,89
24,24.02.2022,02,03,11,12,21,25,32,33,36,41,46,57,61,64,65,67,74,75,82,87
25,26.02.2022,05,13,15,20,24,28,32,36,39,40,46,47,56,58,63,69,84,85,87,89
26,01.03.2022,02,05,14,17,24,30,31,49,52,53,54,60,61,67,68,69,72,78,88,89
27,03.03.2022,01,02,04,05,11,17,18,26,29,33,47,48,50,52,56,57,59,72,75,90
28,05.03.2022,06,15,16,18,20,26,32,35,36,39,40,46,48,49,63,65,71,76,83,89
29,08.03.2022,02,06,08,20,24,28,29,30,33,36,39,40,42,44,62,69,71,77,81,82
30,10.03.2022,02,03,04,07,14,23,24,27,28,29,30,48,53,61,69,73,80,84,88,90
31,12.03.2022,02,07,11,17,18,21,22,27,35,49,52,53,55,62,63,65,77,86,87,90
32,15.03.2022,03,06,12,18,23,27,28,29,34,37,38,40,41,42,48,49,59,62,74,89
33,17.03.2022,01,04,07,10,17,26,28,35,41,48,49,55,56,61,66,68,75,79,83,85
34,19.03.2022,02,03,06,10,13,25,35,41,46,48,51,55,63,64,67,69,73,74,78,90
35,22.03.2022,07,11,15,16,21,22,27,30,36,39,57,61,65,69,73,74,75,77,82,89
36,24.03.2022,02,12,24,26,31,33,35,39,44,45,46,48,53,56,58,62,73,76,85,89
37,26.03.2022,05,06,07,15,20,28,29,34,43,49,52,61,64,65,69,74,75,83,84,85
38,29.03.2022,02,04,12,17,19,21,23,24,29,41,42,49,52,54,56,58,61,83,89,90
39,31.03.2022,03,11,16,21,28,29,35,36,41,45,58,62,63,67,68,71,75,80,84,87
40,02.04.2022,01,04,07,11,19,24,29,35,38,41,42,44,49,54,62,65,66,72,79,84
41,05.04.2022,05,10,11,13,14,15,17,18,28,31,33,35,44,48,52,54,62,78,79,87
42,07.04.2022,04,17,20,22,23,25,26,29,31,33,43,54,58,64,78,79,81,84,85,90
43,09.04.2022,10,13,15,22,25,31,34,35,41,42,44,45,54,58,68,73,76,80,82,85
44,12.04.2022,01,04,05,10,16,18,20,21,25,33,35,39,43,44,50,58,61,68,73,90
45,14.04.2022,06,08,12,22,25,32,41,42,48,49,54,61,64,70,71,72,78,83,87,89
46,16.04.2022,01,02,03,05,08,14,15,16,18,29,30,39,47,58,60,61,72,81,89,90
47,19.04.2022,04,07,12,18,19,20,22,23,27,36,45,51,53,54,56,58,68,76,85,88
48,21.04.2022,07,08,11,14,19,23,27,28,35,37,38,44,46,51,56,75,76,77,83,84
49,23.04.2022,10,17,19,20,23,30,31,45,47,53,54,59,66,76,77,81,82,85,86,90
50,26.04.2022,01,02,03,07,09,13,17,40,46,51,52,54,55,58,61,74,82,86,88,90
51,28.04.2022,02,09,10,13,17,24,26,27,31,37,40,41,50,51,53,58,59,68,75,85
52,30.04.2022,02,05,09,15,16,24,28,42,47,49,51,53,64,65,73,75,76,78,85,87
53,03.05.2022,05,12,17,18,34,35,37,38,43,46,54,62,64,66,67,69,72,80,84,90
54,05.05.2022,04,05,11,15,16,27,30,32,33,37,39,45,47,48,61,66,67,71,73,86
55,07.05.2022,01,14,21,25,28,29,31,34,39,46,51,52,54,57,62,63,72,74,75,82
56,10.05.2022,16,26,33,41,43,49,50,55,56,58,59,67,69,72,74,76,77,78,79,90
57,12.05.2022,03,04,08,09,14,17,22,25,26,32,41,42,43,46,49,51,60,62,80,88
58,14.05.2022,09,11,13,22,40,41,44,47,48,49,50,62,63,64,71,73,77,81,84,87
59,17.05.2022,04,05,08,14,16,21,22,23,24,30,31,38,50,51,71,72,74,80,83,85
60,19.05.2022,03,04,07,10,13,14,21,23,25,29,32,33,41,42,51,54,57,59,86,89
61,21.05.2022,07,08,11,19,20,21,27,28,33,36,42,48,66,70,73,76,78,79,84,88
62,24.05.2022,08,09,20,36,40,50,53,54,56,59,62,63,72,74,77,80,81,86,88,90
63,26.05.2022,01,04,07,32,37,41,43,44,47,53,55,56,57,58,64,67,79,86,88,89
64,28.05.2022,02,09,10,12,14,23,30,32,38,43,44,56,60,72,74,80,82,83,86,88
65,31.05.2022,01,02,11,12,13,18,19,20,21,23,37,38,39,41,48,56,72,74,75,90
66,03.06.2022,01,13,21,29,30,34,39,43,44,47,55,56,62,63,67,71,76,84,89,90
67,04.06.2022,01,03,05,09,10,13,19,20,31,36,39,40,45,58,63,68,70,76,79,86
68,07.06.2022,02,03,04,07,11,27,28,32,39,44,52,54,56,57,59,60,69,70,78,90
69,09.06.2022,02,06,12,15,18,21,32,39,42,45,49,56,58,60,65,66,71,74,79,81
70,11.06.2022,02,03,06,19,24,29,34,37,38,43,44,45,55,60,65,72,77,80,84,89
71,14.06.2022,02,04,05,16,34,36,39,44,46,48,53,61,62,66,73,77,82,87,88,90
72,16.06.2022,04,05,09,14,15,18,28,39,42,49,58,60,61,68,70,76,78,83,85,90
73,18.06.2022,03,04,06,08,09,10,16,18,19,29,36,39,43,64,71,73,75,81,83,84
74,21.06.2022,08,09,11,15,29,39,50,52,57,58,60,62,68,70,71,73,77,81,83,88
75,23.06.2022,05,06,07,23,26,34,36,37,40,42,51,55,57,67,69,74,75,79,80,88
76,25.06.2022,04,06,11,14,18,22,25,27,32,33,40,41,50,64,65,73,74,78,79,86
77,28.06.2022,07,08,09,12,14,17,18,20,23,38,39,42,54,60,64,72,78,83,84,87
78,30.06.2022,17,20,30,31,34,35,42,46,47,49,54,55,66,67,69,70,76,79,80,83
79,02.07.2022,12,23,25,38,39,41,44,49,51,53,58,65,67,79,81,82,83,85,86,90
80,05.07.2022,01,07,11,17,22,23,29,35,36,37,39,43,48,59,63,69,71,76,77,88
81,07.07.2022,04,10,11,14,22,23,41,43,46,47,52,54,56,66,74,76,77,80,87,89
82,09.07.2022,02,07,12,27,29,32,33,37,38,40,42,43,45,48,52,56,60,73,76,80
83,12.07.2022,02,07,08,13,17,24,27,28,31,33,39,40,47,53,57,58,62,65,73,86
84,14.07.2022,01,06,12,24,25,31,36,42,46,47,49,52,57,60,61,75,76,81,86,87
85,16.07.2022,04,17,18,19,29,32,40,43,49,51,54,56,61,71,76,82,85,88,89,90
86,19.07.2022,09,13,16,22,39,42,45,49,50,51,52,56,58,64,65,66,68,71,73,76
87,21.07.2022,05,10,16,19,21,28,30,33,49,50,51,56,57,59,60,64,69,73,85,90
88,23.07.2022,02,05,07,10,18,21,23,25,27,30,31,40,41,45,52,70,72,77,86,87
89,26.07.2022,05,13,20,22,25,30,33,34,42,49,50,60,62,65,69,81,85,87,88,89
90,28.07.2022,03,06,08,10,13,16,21,23,27,35,42,58,62,66,67,68,71,79,81,85
91,30.07.2022,05,14,19,24,28,29,31,40,43,48,49,54,55,60,63,81,84,86,87,88
92,02.08.2022,04,10,15,17,24,26,27,32,53,55,57,58,63,65,68,77,80,84,86,88
93,04.08.2022,01,09,10,12,18,22,23,24,29,45,48,51,61,66,71,76,77,78,79,90
94,06.08.2022,05,07,15,20,29,30,34,36,45,46,52,56,57,62,63,67,69,70,74,79
95,09.08.2022,05,13,14,19,20,24,25,26,30,32,34,38,43,49,52,64,66,73,75,76
96,11.08.2022,02,04,05,06,18,19,22,27,38,47,52,53,57,66,68,69,70,76,79,90
97,13.08.2022,04,05,10,15,19,20,28,32,35,43,48,54,57,58,62,65,70,73,81,84
98,16.08.2022,04,16,22,23,26,30,37,43,44,49,51,56,57,58,59,64,69,74,79,85
99,18.08.2022,05,09,12,13,26,28,42,43,57,59,67,71,72,74,76,77,79,86,87,88
100,20.08.2022,03,05,10,12,14,21,24,29,36,37,38,43,48,55,64,68,73,75,80,86
101,23.08.2022,01,02,11,20,30,31,32,35,39,40,42,43,45,50,53,64,71,74,81,87
102,25.08.2022,01,06,15,16,26,29,30,31,34,37,38,44,47,53,58,65,71,72,73,74
103,27.08.2022,03,05,07,08,17,21,26,28,40,42,46,47,52,54,63,65,66,69,81,88
104,30.08.2022,01,02,08,09,13,14,18,19,20,30,35,36,42,43,52,61,77,81,82,83
105,01.09.2022,01,08,09,29,31,37,44,48,50,59,61,63,64,67,74,76,77,86,89,90
106,03.09.2022,08,17,18,26,27,28,29,37,38,45,58,63,66,69,70,71,73,83,88,90
107,06.09.2022,09,11,17,19,38,39,41,42,49,52,61,64,68,71,72,73,79,80,82,90
108,08.09.2022,02,03,06,18,22,29,34,43,44,51,53,54,59,60,63,67,72,81,82,86
109,10.09.2022,02,07,16,17,18,22,26,30,37,39,47,53,60,67,69,74,78,81,83,85
110,13.09.2022,05,09,10,11,14,17,18,19,21,22,24,25,43,45,52,53,55,68,77,85
111,15.09.2022,03,04,06,13,20,21,24,31,41,42,46,51,56,59,70,72,74,78,83,86
112,17.09.2022,17,19,25,26,27,32,42,43,47,48,54,57,58,62,63,65,70,73,76,79
113,20.09.2022,04,05,17,18,19,23,26,29,31,35,42,43,46,53,67,70,73,75,80,84
114,22.09.2022,01,02,06,09,14,16,17,27,38,46,47,51,56,63,65,66,70,73,86,88
115,24.09.2022,03,12,15,18,19,20,25,28,29,35,36,47,49,50,51,52,56,61,83,88
116,27.09.2022,04,05,07,14,19,24,26,29,33,38,41,48,57,64,65,66,68,86,88,89
117,29.09.2022,03,07,09,21,26,35,40,44,45,50,56,60,61,69,70,73,80,88,89,90
118,01.10.2022,03,05,27,31,35,36,37,38,44,46,53,54,58,64,65,67,73,76,79,86
119,04.10.2022,16,18,22,25,27,30,32,36,38,41,43,44,52,53,68,69,71,77,84,87
120,06.10.2022,01,02,03,04,08,11,12,19,23,29,49,53,56,59,64,75,76,82,84,89
121,08.10.2022,01,05,11,14,28,31,36,48,51,54,60,61,63,64,66,68,72,76,85,89
122,11.10.2022,03,08,09,20,21,22,24,27,28,34,36,38,39,47,49,56,62,69,79,84
123,13.10.2022,01,03,05,06,15,24,25,27,41,44,52,57,59,60,61,66,67,69,73,75
124,15.10.2022,05,06,07,14,21,23,25,30,31,38,39,44,45,47,48,50,51,64,83,90
125,18.10.2022,02,10,29,30,32,35,37,39,42,47,56,63,67,70,72,80,81,83,86,88
126,20.10.2022,12,18,23,28,31,34,38,45,51,53,54,58,67,73,78,79,81,85,87,89
127,22.10.2022,03,05,07,11,20,23,24,27,29,34,37,39,44,46,53,65,71,79,80,87
128,25.10.2022,02,06,09,20,23,24,32,37,38,42,58,66,68,69,71,77,79,81,87,90
129,27.10.2022,05,06,13,17,31,33,35,46,53,56,57,60,63,64,78,82,86,87,88,90
130,29.10.2022,02,08,10,12,14,17,19,26,27,38,40,45,70,72,77,79,86,87,88,90
131,02.11.2022,02,04,05,07,09,10,13,20,22,24,30,40,56,57,60,64,66,68,75,77
132,03.11.2022,02,07,10,11,14,23,26,30,34,43,46,52,54,56,58,59,60,63,65,77
133,05.11.2022,09,10,17,18,19,23,28,32,38,39,41,45,50,51,52,57,61,65,84,89
134,08.11.2022,03,07,08,11,13,17,21,23,25,30,41,58,64,68,69,73,74,79,81,84
135,10.11.2022,01,04,05,18,27,33,43,44,48,55,61,64,65,67,70,71,77,80,84,90
136,12.11.2022,01,04,05,10,11,15,18,20,24,26,30,39,46,57,70,72,75,80,84,86
137,15.11.2022,01,08,11,13,15,22,24,31,35,37,40,43,45,47,56,62,77,78,80,84
138,17.11.2022,04,08,11,14,20,22,26,33,38,43,49,55,57,61,66,70,71,74,83,84
139,19.11.2022,01,16,22,23,28,32,40,43,55,59,60,66,70,73,74,75,80,84,88,90
140,22.11.2022,01,14,17,22,24,31,34,43,44,45,49,51,62,69,71,79,82,85,86,90
141,24.11.2022,03,07,11,14,17,19,25,40,41,50,51,57,69,70,75,76,80,85,87,88
142,26.11.2022,07,08,10,33,34,39,40,42,43,48,51,54,57,63,66,70,80,85,86,87
143,29.11.2022,05,10,15,20,23,30,36,37,46,49,50,52,61,62,67,68,71,74,77,83
144,01.12.2022,06,07,10,15,21,22,23,30,35,40,48,49,53,59,63,70,72,74,78,86
145,03.12.2022,01,06,09,21,37,39,40,41,43,49,50,58,63,64,66,70,77,78,79,89
146,06.12.2022,11,22,28,30,32,33,36,41,47,54,57,63,65,66,72,74,76,79,80,90
147,09.12.2022,08,11,14,16,27,38,40,41,44,47,55,59,61,63,68,74,75,78,83,86
148,10.12.2022,07,17,21,25,28,37,39,40,43,49,51,54,62,64,67,70,75,82,87,90
149,13.12.2022,09,10,14,17,28,35,36,37,42,43,45,52,66,71,72,73,77,84,89,90
150,15.12.2022,13,15,20,25,31,44,45,48,50,51,56,57,71,77,79,82,83,84,86,87
151,17.12.2022,07,08,15,20,23,26,29,37,38,39,40,45,54,59,63,73,74,82,86,89
152,20.12.2022,02,03,07,11,23,24,25,27,34,39,45,46,54,60,64,66,78,85,86,89
153,22.12.2022,14,17,18,21,26,27,33,39,42,46,50,53,58,59,68,69,73,74,82,89
154,24.12.2022,04,07,08,11,12,28,30,39,42,46,50,51,56,62,64,67,70,77,80,82
155,27.12.2022,05,09,13,26,32,34,35,40,41,47,50,54,55,57,61,62,67,78,83,85
156,29.12.2022,03,11,14,20,25,34,43,45,46,53,55,62,64,66,67,73,74,78,85,90
157,31.12.2022,01,05,09,10,16,18,33,39,40,42,47,48,56,58,76,77,78,81,85,87
1,03.01.2023,01,06,15,17,18,27,30,38,39,40,49,51,55,57,60,66,74,80,83,90
2,05.01.2023,11,12,15,17,19,20,23,24,29,31,35,36,41,46,51,55,62,65,71,80
3,07.01.2023,01,06,13,16,20,21,24,25,31,42,53,54,55,56,58,60,75,79,84,85
4,10.01.2023,04,06,10,12,15,16,19,20,21,24,27,32,36,38,41,59,60,61,72,90
5,12.01.2023,01,05,09,11,13,22,27,28,29,31,32,50,52,58,59,62,68,75,88,90
6,14.01.2023,03,13,15,16,27,29,31,33,38,40,41,50,55,58,65,70,71,79,88,90
7,17.01.2023,06,09,11,13,22,25,31,33,37,51,55,63,68,69,71,72,79,80,81,88
8,19.01.2023,02,03,07,09,39,48,49,51,55,56,57,62,64,67,70,72,75,76,81,88
9,21.01.2023,05,08,11,22,23,31,46,54,55,57,59,61,62,66,73,77,83,86,88,89
10,24.01.2023,09,11,14,17,20,22,27,34,35,48,56,57,63,64,67,75,78,84,86,87
11,26.01.2023,01,04,06,08,11,23,24,25,27,39,44,47,49,52,61,63,79,84,85,87
12,28.01.2023,09,13,14,15,18,34,39,49,50,57,60,65,72,74,75,76,77,80,88,90
13,31.01.2023,10,13,17,18,22,28,37,41,55,58,59,66,68,71,77,78,79,82,84,85
14,02.02.2023,01,04,06,08,11,14,19,23,27,30,55,59,64,72,73,76,79,80,82,84
15,04.02.2023,16,24,28,31,32,37,43,47,48,52,56,57,58,59,64,67,71,76,84,90
16,07.02.2023,09,13,14,16,25,33,35,44,52,53,64,69,72,73,75,76,82,84,85,87
17,09.02.2023,02,09,12,13,24,25,27,35,38,40,41,49,50,51,54,58,59,67,82,88
18,11.02.2023,01,10,11,18,22,27,29,33,34,39,41,50,54,58,60,61,73,79,86,88
19,14.02.2023,02,10,14,26,30,33,42,45,48,57,58,60,67,71,81,82,83,86,87,88
20,16.02.2023,03,12,22,23,26,27,36,38,42,48,50,53,54,56,57,61,64,67,71,88
21,18.02.2023,04,06,10,13,20,23,24,25,27,31,32,45,50,55,71,75,79,82,87,88
22,21.02.2023,07,14,20,33,36,38,39,41,42,43,52,53,54,56,61,64,66,68,82,85
23,23.02.2023,01,05,12,18,22,23,24,27,37,38,42,64,66,67,68,70,73,75,78,84
24,25.02.2023,01,04,11,13,18,21,22,38,41,42,45,55,65,68,73,76,79,80,83,87
25,28.02.2023,01,03,05,10,18,20,23,32,40,43,47,48,54,61,70,72,74,76,84,87
26,02.03.2023,04,05,12,26,32,41,45,51,57,62,66,70,72,73,76,79,82,83,85,87
27,04.03.2023,03,10,12,14,17,29,33,36,42,48,49,57,59,62,67,70,76,80,85,90
28,07.03.2023,05,07,12,19,21,24,31,38,39,47,50,63,67,72,79,81,82,83,84,87
29,09.03.2023,03,05,08,10,23,27,29,30,31,42,47,48,54,55,66,79,83,87,88,89
30,11.03.2023,04,13,14,19,27,37,38,39,40,42,43,46,49,50,51,56,57,70,74,86
31,14.03.2023,03,08,23,24,25,39,41,43,44,48,53,54,57,61,64,67,70,73,78,84
32,16.03.2023,01,06,09,13,16,17,18,23,28,33,35,42,45,54,58,64,73,83,86,89
33,18.03.2023,01,05,06,13,15,20,28,29,37,47,60,61,63,66,67,71,77,78,79,80
34,21.03.2023,03,08,10,14,17,26,30,31,36,38,52,64,70,73,74,75,82,85,87,90
35,23.03.2023,02,13,18,30,31,33,35,36,42,48,53,60,62,70,72,74,76,79,82,84
36,25.03.2023,01,02,06,12,14,15,19,20,25,26,28,29,37,40,43,49,50,56,69,77
37,28.03.2023,03,04,08,14,19,21,38,47,48,52,57,58,60,61,70,75,83,84,86,87
38,30.03.2023,01,07,15,16,18,19,22,25,27,37,48,54,57,61,63,70,71,74,76,85
39,01.04.2023,03,06,14,15,16,20,35,36,38,43,45,46,48,52,61,65,66,71,76,82
40,04.04.2023,09,16,17,18,19,20,26,35,40,41,44,46,53,63,65,73,76,77,85,90
41,06.04.2023,07,20,23,24,26,27,28,31,33,41,42,46,51,68,70,71,72,73,77,82
42,08.04.2023,01,03,05,09,15,22,23,24,33,48,49,52,55,60,71,72,73,75,78,82
43,11.04.2023,05,06,07,11,21,22,24,30,31,39,46,50,51,61,65,73,78,81,83,87
44,13.04.2023,03,05,07,12,22,23,30,31,34,35,37,40,43,55,57,68,74,76,80,88
45,15.04.2023,05,11,13,14,15,23,25,27,29,36,52,54,57,61,62,68,69,77,83,90
46,18.04.2023,09,11,12,13,16,22,30,37,38,43,46,54,59,66,71,72,79,82,83,84
47,20.04.2023,07,10,12,13,25,27,29,30,32,39,40,43,45,51,63,65,68,69,77,90
48,22.04.2023,02,07,08,12,14,30,33,39,43,46,53,57,64,69,74,76,81,85,87,89
49,26.04.2023,02,07,08,12,17,22,23,26,32,44,46,47,60,69,72,73,77,80,81,84
50,27.04.2023,17,20,22,28,31,34,35,39,43,51,52,60,62,65,72,77,79,81,83,89
51,29.04.2023,01,23,27,29,30,35,37,38,44,47,54,55,59,61,67,74,75,77,87,90
52,02.05.2023,03,04,05,09,15,17,24,25,26,29,41,49,55,64,67,71,72,85,88,90
53,04.05.2023,06,11,13,15,16,18,20,21,35,41,49,51,57,70,71,78,79,84,86,87
54,06.05.2023,02,04,12,20,30,35,36,37,39,48,54,56,58,59,65,69,72,76,81,82
55,09.05.2023,01,02,04,10,14,24,26,28,33,36,37,42,43,48,61,65,68,76,78,89
56,11.05.2023,01,03,12,21,24,34,36,43,44,45,51,55,56,58,59,62,71,72,73,80
57,13.05.2023,02,08,13,15,19,22,26,29,30,33,39,42,53,55,60,61,68,70,73,80
58,16.05.2023,03,05,13,14,15,19,21,24,37,38,39,41,45,48,52,57,68,71,83,88
59,18.05.2023,02,06,08,17,32,33,34,39,44,46,47,49,52,54,61,65,70,86,89,90
60,20.05.2023,01,02,03,22,23,25,28,29,31,42,44,46,48,54,64,66,71,83,87,89
61,23.05.2023,05,09,13,17,29,31,32,35,36,41,50,61,66,67,71,74,80,83,84,86
62,25.05.2023,05,17,20,21,30,33,36,37,41,47,49,50,51,58,68,71,78,81,84,87
63,27.05.2023,10,14,17,20,25,34,39,45,48,51,54,56,57,62,63,69,70,72,85,86
64,30.05.2023,03,04,08,16,26,31,34,36,40,47,51,56,57,62,67,68,71,72,78,86
65,01.06.2023,03,05,08,09,14,19,21,32,34,43,44,47,49,50,54,58,60,72,74,82
66,03.06.2023,01,06,09,17,22,33,35,48,51,54,55,57,59,63,68,73,78,81,89,90
67,06.06.2023,08,11,16,20,21,23,26,29,31,44,45,50,57,59,63,68,72,73,78,87
68,08.06.2023,01,05,10,13,16,17,21,24,28,29,36,37,39,40,56,57,65,68,73,77
69,10.06.2023,01,02,04,06,10,13,14,21,22,23,24,27,29,44,54,61,66,67,70,83
70,13.06.2023,10,11,29,31,33,35,36,41,50,52,53,55,61,62,63,67,74,76,79,88
71,15.06.2023,05,11,12,13,16,25,29,31,33,36,38,41,48,54,66,71,73,77,82,89
72,17.06.2023,02,03,11,12,17,20,26,28,40,50,51,52,55,63,66,76,80,82,87,88
73,20.06.2023,03,10,13,31,36,38,39,40,41,47,61,68,70,73,76,77,79,81,86,90
74,22.06.2023,01,03,05,09,12,14,20,34,42,51,64,66,67,69,72,74,80,81,85,86
75,24.06.2023,10,13,25,27,28,32,35,36,37,42,55,57,60,61,64,66,67,71,85,86
76,27.06.2023,05,08,13,14,21,25,35,36,38,40,43,48,63,72,73,74,80,81,82,84
77,29.06.2023,01,05,06,08,11,16,22,23,24,31,38,52,54,59,60,73,74,81,88,89
78,01.07.2023,04,09,10,12,14,16,18,22,23,33,38,52,64,65,67,69,71,79,83,85
79,04.07.2023,01,08,11,15,19,33,41,44,46,47,51,56,62,69,70,72,79,81,86,87
80,06.07.2023,01,03,11,13,16,21,30,31,35,37,40,43,52,54,59,60,62,69,75,79
81,07.07.2023,01,04,08,10,14,16,18,23,33,38,40,41,47,52,53,54,62,69,76,84
82,08.07.2023,07,08,10,13,22,32,33,35,45,47,53,56,60,62,64,73,75,76,82,83
83,11.07.2023,05,07,13,23,27,31,37,44,49,54,57,62,67,68,71,74,84,85,86,88
84,13.07.2023,04,06,10,17,18,19,24,37,44,45,51,54,57,61,66,67,71,75,82,85
85,14.07.2023,04,05,12,15,16,18,22,28,38,40,45,46,47,48,58,60,66,68,69,86
86,15.07.2023,04,07,11,19,21,26,31,33,38,47,48,49,69,73,76,78,79,84,85,88
87,18.07.2023,06,10,12,14,15,17,26,27,43,49,51,57,60,65,68,72,75,76,85,90
88,20.07.2023,01,09,10,11,16,19,31,32,42,53,59,63,67,68,71,74,84,85,87,90
89,21.07.2023,02,08,10,13,17,22,26,32,36,40,43,44,48,49,50,53,61,67,70,84
90,22.07.2023,03,05,11,20,21,26,27,36,40,43,48,50,59,66,69,70,77,79,81,82
91,25.07.2023,03,06,07,12,15,22,26,34,38,43,50,61,63,67,73,76,80,82,84,85
92,27.07.2023,07,11,12,14,17,19,34,39,40,44,52,56,57,60,64,65,79,80,81,87
93,28.07.2023,05,08,23,26,27,28,30,34,38,39,44,46,50,52,54,56,60,63,65,76
94,29.07.2023,01,02,10,14,16,24,31,40,45,49,50,53,58,59,67,70,78,81,84,87
95,01.08.2023,03,05,16,23,27,38,39,50,54,62,68,71,72,74,77,78,80,81,83,85
96,03.08.2023,04,05,06,07,08,22,24,36,37,43,47,48,49,54,61,63,70,73,83,90
97,04.08.2023,01,04,16,19,26,28,33,35,41,47,52,53,55,58,67,70,73,81,83,87
98,05.08.2023,02,03,05,07,08,10,12,14,25,27,32,38,54,62,66,77,83,86,87,88
99,08.08.2023,05,10,24,27,30,31,35,36,44,45,46,53,56,57,60,72,73,87,88,90
100,10.08.2023,01,03,10,14,23,30,31,34,44,46,49,51,54,65,66,68,75,81,82,84
101,11.08.2023,08,12,25,29,36,37,38,39,45,46,48,56,58,61,63,65,70,75,83,88
102,12.08.2023,03,05,07,08,12,14,32,36,37,39,43,46,48,60,65,69,83,86,89,90
103,16.08.2023,01,02,10,13,14,17,19,24,25,27,34,35,37,41,46,49,53,60,77,86
104,17.08.2023,06,12,14,18,21,23,32,36,42,45,52,57,67,68,72,73,78,81,82,87
105,18.08.2023,08,12,15,16,17,20,23,24,27,43,48,55,61,62,65,71,77,79,82,87
106,19.08.2023,09,11,13,15,16,17,21,23,35,42,47,48,54,69,70,72,77,82,87,90
107,22.08.2023,03,04,05,06,11,12,14,17,22,24,27,44,47,52,54,58,64,68,73,81
108,24.08.2023,01,07,08,09,10,13,14,16,17,21,24,35,39,40,45,58,69,72,75,89
109,25.08.2023,10,14,19,30,32,38,40,43,44,50,54,55,57,59,62,70,82,86,89,90
110,26.08.2023,02,05,11,13,15,21,27,29,39,41,43,48,52,64,65,68,72,86,89,90
111,29.08.2023,02,04,09,11,15,16,17,21,30,32,36,41,44,49,53,57,70,71,82,89
112,31.08.2023,04,09,13,18,20,25,26,28,32,45,52,55,66,68,69,72,79,86,87,88
113,01.09.2023,04,06,09,10,14,20,21,22,23,31,33,47,59,60,69,73,74,86,89,90
114,02.09.2023,05,06,08,13,18,24,29,35,36,45,50,51,60,67,68,70,75,85,86,87
115,05.09.2023,03,04,09,13,16,17,18,22,35,44,46,47,49,50,61,62,66,70,79,83
116,07.09.2023,01,02,07,08,10,16,20,29,35,40,43,44,50,58,61,69,71,76,88,89
117,08.09.2023,03,06,07,09,15,19,25,32,35,41,47,49,50,51,54,57,67,68,78,86
118,09.09.2023,01,08,09,15,25,26,28,31,44,45,47,51,53,54,64,72,73,76,77,82
119,12.09.2023,07,10,13,18,20,25,31,32,42,48,50,52,53,55,57,70,76,79,87,88
120,14.09.2023,01,02,05,14,27,38,43,44,46,47,54,56,63,66,69,73,78,80,86,89
121,15.09.2023,01,08,10,14,18,37,39,42,46,49,50,54,58,61,64,75,80,81,87,90
122,16.09.2023,12,13,17,29,35,41,45,48,49,51,52,53,54,57,58,59,66,74,77,88
123,19.09.2023,01,03,06,13,15,16,18,21,27,36,40,45,49,56,66,70,71,76,79,86
124,21.09.2023,04,06,07,11,21,22,30,31,46,49,52,56,61,70,72,75,77,79,80,82
125,22.09.2023,04,05,08,09,13,19,23,36,46,60,63,65,69,70,71,72,74,83,85,89
126,23.09.2023,17,23,25,30,32,37,41,47,48,53,59,61,62,74,75,76,85,86,87,90
127,26.09.2023,03,07,11,20,26,30,31,37,40,55,60,63,65,67,68,74,79,81,82,87
128,28.09.2023,01,04,05,07,11,13,16,18,21,23,36,37,41,52,55,68,72,82,84,85
129,29.09.2023,02,03,06,13,15,16,21,29,35,42,45,49,61,62,64,68,73,78,81,87
130,30.09.2023,06,21,32,33,35,39,43,47,49,52,59,65,66,67,73,75,76,77,82,83
131,03.10.2023,05,06,10,12,13,17,41,47,52,53,55,56,57,63,64,74,76,79,83,86
132,05.10.2023,04,06,09,14,16,18,29,30,33,46,48,51,64,70,71,74,75,81,83,90
133,06.10.2023,06,15,30,34,37,38,43,45,49,50,53,55,61,62,66,72,73,80,82,90
134,07.10.2023,01,04,16,19,35,42,43,47,48,49,50,51,53,57,75,76,77,78,82,90
135,10.10.2023,01,03,04,10,32,33,55,57,58,60,64,71,75,79,80,82,83,87,88,90
136,12.10.2023,05,08,10,12,13,17,22,26,31,35,36,37,39,54,55,60,66,68,75,87
137,13.10.2023,03,07,08,10,11,12,23,30,31,43,45,46,57,58,60,67,69,71,75,80
138,14.10.2023,06,13,15,23,29,30,32,40,45,48,50,57,66,67,74,82,84,85,87,88
139,17.10.2023,01,02,15,17,22,26,28,30,32,35,37,47,60,64,67,69,73,74,77,83
140,19.10.2023,05,16,18,21,23,28,30,36,38,40,48,54,56,57,63,67,71,79,84,87
141,20.10.2023,01,04,09,16,17,28,30,31,42,47,50,58,65,70,75,76,85,86,87,90
142,21.10.2023,02,05,16,21,24,28,31,32,33,37,40,48,49,54,62,67,68,81,83,88
143,24.10.2023,05,08,12,18,28,29,31,33,34,39,41,51,55,56,64,73,74,82,87,89
144,26.10.2023,04,08,16,37,38,42,43,44,45,53,58,65,66,69,71,73,79,83,86,89
145,27.10.2023,09,13,19,21,24,30,31,35,43,45,48,54,60,62,65,66,68,74,75,77
146,28.10.2023,06,08,18,22,23,24,31,34,36,38,58,59,70,73,74,80,83,84,86,87
147,31.10.2023,17,20,26,28,33,34,36,37,38,43,45,47,50,52,59,62,64,79,82,87
148,02.11.2023,02,07,08,09,10,19,20,36,49,53,54,60,64,68,70,71,72,76,83,90
149,03.11.2023,03,08,11,15,19,23,38,42,49,50,62,65,67,70,73,76,80,81,83,85
150,04.11.2023,02,13,17,18,26,27,39,42,44,45,46,52,53,54,56,62,67,74,80,83
151,07.11.2023,02,06,11,15,16,21,28,31,32,42,44,47,51,54,55,63,65,71,78,80
152,09.11.2023,01,06,13,17,35,46,49,53,54,55,57,58,63,65,70,71,75,76,85,88
153,10.11.2023,01,05,08,11,12,25,28,30,42,46,57,64,66,67,72,73,78,82,87,89
154,11.11.2023,03,05,08,14,18,19,22,34,43,52,53,54,67,70,71,72,77,80,84,87
155,14.11.2023,08,17,19,32,35,43,46,48,50,51,57,58,59,64,70,74,75,79,85,87
156,16.11.2023,03,06,12,20,27,33,34,38,41,43,46,54,55,60,62,68,71,80,82,86
157,17.11.2023,02,03,04,07,08,14,17,23,25,26,33,34,37,43,44,49,51,59,85,87
158,18.11.2023,05,13,14,17,21,23,26,38,40,41,46,48,49,50,54,57,66,75,77,89
159,21.11.2023,02,07,13,16,30,32,34,39,44,46,49,51,62,63,64,70,81,82,88,89
160,23.11.2023,03,06,07,12,15,17,19,20,25,26,29,30,33,40,63,72,74,80,81,86
161,24.11.2023,04,05,07,10,11,17,19,22,24,27,37,51,58,74,77,79,80,84,85,90
162,25.11.2023,01,03,06,07,10,11,18,20,33,34,35,44,49,56,58,69,72,73,77,86
163,28.11.2023,01,02,04,06,14,15,17,18,28,31,35,45,46,47,60,66,76,77,78,82
164,30.11.2023,08,11,16,20,24,25,27,30,34,38,45,49,61,69,70,71,75,77,80,81
165,01.12.2023,07,09,12,20,21,24,30,36,38,39,42,43,53,55,61,68,69,73,79,86
166,02.12.2023,02,05,07,11,19,22,23,30,33,34,42,50,58,67,71,74,75,81,82,83
167,05.12.2023,06,09,14,18,20,24,29,47,49,58,63,65,66,67,71,72,76,78,79,82
168,07.12.2023,01,04,09,12,22,25,30,33,34,39,47,48,51,65,68,69,73,80,81,86
169,09.12.2023,09,14,17,19,24,25,33,36,41,42,49,53,56,59,71,75,78,80,83,89
170,11.12.2023,05,10,11,12,13,15,17,20,28,29,30,40,44,58,61,66,70,74,78,86
171,12.12.2023,03,05,08,11,13,14,23,24,43,46,47,49,56,59,61,76,78,85,87,88
172,14.12.2023,03,09,10,18,21,22,28,29,37,56,61,66,68,70,71,74,77,80,86,90
173,15.12.2023,01,03,05,10,14,17,18,19,20,25,26,48,50,57,61,70,78,81,82,90
174,16.12.2023,07,12,21,24,29,30,32,39,48,51,56,57,63,70,72,73,74,76,82,84
175,19.12.2023,07,11,15,18,19,20,30,31,32,37,39,44,48,54,61,62,64,75,88,90
176,21.12.2023,01,03,05,06,08,12,13,14,16,32,36,40,44,60,69,71,75,76,77,79
177,22.12.2023,11,12,13,26,29,35,36,37,59,67,70,72,78,79,80,81,84,85,86,87
178,23.12.2023,02,07,08,10,15,27,30,33,35,36,38,39,42,46,49,50,71,73,83,88
179,27.12.2023,04,12,26,27,34,44,46,48,53,60,63,67,69,70,73,82,83,85,87,90
180,28.12.2023,09,13,18,20,30,31,35,36,42,43,56,58,59,63,71,72,77,78,82,90
181,29.12.2023,03,05,06,13,15,18,27,43,45,48,52,57,62,64,65,67,70,72,76,90
182,30.12.2023,04,07,14,15,18,19,32,41,48,64,68,69,70,74,82,83,85,87,88,90
1,02.01.2024,01,03,06,09,16,29,37,38,42,44,49,50,57,64,70,74,75,84,85,86
2,04.01.2024,02,03,05,10,14,22,25,27,36,42,44,49,50,55,61,76,79,82,89,90
3,05.01.2024,02,06,09,13,14,19,28,31,35,49,51,56,58,59,60,62,63,68,77,85
4,08.01.2024,04,27,30,35,40,42,48,50,56,59,61,64,65,70,71,72,81,84,86,87
5,09.01.2024,08,18,21,25,31,40,44,47,48,49,57,60,61,63,67,70,74,75,80,81
6,11.01.2024,11,12,15,21,32,33,37,40,63,65,70,72,76,78,81,82,84,87,88,89
7,12.01.2024,06,12,13,17,20,26,31,33,41,45,46,51,57,58,68,71,80,81,82,86
8,13.01.2024,05,12,13,21,35,37,45,46,52,54,58,64,66,68,69,74,75,85,88,89
9,16.01.2024,01,12,18,19,27,32,35,36,40,42,45,53,61,63,65,66,81,82,88,90
10,18.01.2024,01,11,20,22,26,27,30,38,39,40,42,50,51,56,61,74,76,82,83,87
11,19.01.2024,02,03,18,22,23,25,30,31,42,52,53,57,58,60,61,67,70,75,79,86
12,20.01.2024,10,14,15,16,24,28,40,42,46,47,54,60,61,66,72,79,84,87,88,90
13,23.01.2024,04,06,07,09,13,20,21,28,29,32,38,41,42,48,55,58,61,62,80,81
14,25.01.2024,02,09,18,19,27,33,36,39,40,41,44,54,57,63,69,70,72,76,82,87
15,26.01.2024,03,09,13,20,26,31,35,39,41,45,47,50,56,59,61,63,74,79,85,87
16,27.01.2024,04,14,15,17,18,24,27,29,32,33,34,38,46,60,61,62,66,75,81,86
17,30.01.2024,09,17,18,20,21,24,26,28,30,35,40,44,49,55,61,70,76,82,84,90
18,01.02.2024,09,14,15,17,26,35,41,42,48,53,54,57,61,65,68,76,77,82,83,90
19,02.02.2024,03,06,09,15,24,25,27,30,35,40,43,45,48,60,71,79,83,85,86,88
20,03.02.2024,05,15,18,20,23,24,25,26,27,31,32,34,42,45,53,63,68,73,83,86
21,06.02.2024,02,03,09,12,15,20,33,37,51,52,53,58,60,68,71,74,82,85,86,87
22,08.02.2024,12,14,16,25,36,38,40,41,44,46,48,53,58,61,62,64,66,70,84,90
23,09.02.2024,03,07,10,18,19,21,24,25,29,30,34,36,53,54,63,71,74,81,86,90
24,10.02.2024,01,10,11,19,24,28,31,34,36,38,46,51,59,60,62,67,70,78,86,87
25,13.02.2024,07,08,11,12,14,17,32,34,39,41,45,52,54,56,57,69,83,85,86,89
26,15.02.2024,02,05,16,22,25,27,30,38,39,41,45,55,61,69,71,76,80,82,87,90
27,16.02.2024,02,06,07,09,10,13,19,22,23,29,38,39,46,51,53,55,58,65,74,82
28,17.02.2024,01,09,10,16,24,28,32,36,46,47,54,57,60,65,67,71,72,74,75,80
29,20.02.2024,01,04,09,12,23,24,25,26,44,47,57,58,64,73,75,76,80,81,85,89
30,22.02.2024,13,16,23,25,27,28,30,34,42,45,50,57,63,66,69,70,73,76,77,89
31,23.02.2024,04,06,07,14,15,20,26,28,39,48,53,63,65,69,72,74,76,82,85,89
32,24.02.2024,02,03,04,07,09,14,27,31,33,42,59,67,73,75,76,78,79,80,81,90
33,27.02.2024,01,04,10,13,14,15,25,34,40,45,46,53,57,59,60,63,64,83,86,87
34,29.02.2024,03,05,12,22,26,27,33,39,43,46,51,55,58,72,74,75,81,82,89,90
35,01.03.2024,05,06,07,10,24,25,32,38,40,41,43,60,76,77,78,80,84,87,88,90
36,02.03.2024,01,07,09,12,14,22,39,40,42,53,56,61,64,70,71,76,81,82,85,86
37,05.03.2024,04,05,07,08,13,21,23,38,42,45,46,48,52,55,62,67,68,73,79,80
38,07.03.2024,14,16,19,23,26,30,39,45,46,47,56,57,59,60,61,68,71,78,87,90
39,08.03.2024,05,14,16,19,21,28,32,33,34,36,40,45,48,55,57,59,69,78,86,90
40,09.03.2024,05,12,20,25,27,30,32,35,41,45,46,51,55,58,63,70,72,73,74,88
41,12.03.2024,16,17,23,25,28,31,33,36,38,39,56,57,64,67,68,69,76,79,87,89
42,14.03.2024,01,13,18,23,24,30,33,44,47,48,51,61,63,79,80,83,85,86,87,89
43,15.03.2024,01,05,10,15,20,33,35,39,42,46,48,51,52,56,61,62,72,83,85,87
44,16.03.2024,06,08,09,12,13,17,23,32,43,52,57,58,59,65,66,71,73,78,87,89
45,19.03.2024,19,20,26,27,33,35,37,41,46,47,48,52,54,58,70,71,76,82,85,89
46,21.03.2024,07,09,15,16,23,24,34,35,36,37,46,50,53,56,70,73,83,84,86,90
47,22.03.2024,02,09,11,17,25,26,27,29,32,33,36,43,45,47,49,50,67,71,86,88
48,23.03.2024,05,07,14,16,19,22,29,31,34,41,51,53,54,55,59,64,68,75,81,86
49,26.03.2024,05,08,13,16,17,20,22,25,28,30,34,43,51,54,59,65,67,70,72,87
50,28.03.2024,09,14,17,22,27,29,35,36,40,44,49,54,59,64,66,70,71,73,80,84
51,29.03.2024,02,11,12,13,15,19,34,40,42,51,52,67,68,71,72,75,77,79,86,90
52,30.03.2024,03,04,07,10,12,22,29,34,39,49,50,52,54,56,65,68,73,77,86,90
53,02.04.2024,03,04,11,13,16,18,29,30,33,34,39,47,58,61,71,73,74,79,82,86
54,04.04.2024,03,07,10,11,21,26,28,32,36,38,40,47,55,59,75,79,84,86,87,90
55,05.04.2024,11,20,21,30,33,39,43,48,49,55,58,59,60,66,73,76,79,85,87,89
56,06.04.2024,01,03,04,16,18,21,24,30,36,40,41,43,49,50,68,72,75,76,80,88
57,09.04.2024,05,11,13,14,15,23,27,33,41,42,43,47,59,62,65,69,70,77,79,87
58,11.04.2024,01,06,09,12,19,21,36,37,40,53,54,56,63,65,79,80,83,86,89,90
59,12.04.2024,02,05,13,18,34,35,42,46,48,55,57,58,62,63,75,77,78,79,82,86
60,13.04.2024,07,09,14,15,16,22,28,30,36,41,49,52,53,58,61,62,67,71,82,90
61,16.04.2024,04,10,11,14,16,17,22,25,27,42,49,58,61,65,70,71,76,79,80,86
62,18.04.2024,01,12,13,14,16,18,39,46,48,50,60,65,67,70,74,80,81,83,85,90
63,19.04.2024,01,05,16,17,19,21,29,35,39,42,50,54,56,57,60,68,69,71,81,90
64,20.04.2024,01,08,14,15,19,22,24,32,38,44,55,61,62,70,71,83,84,86,87,88
65,23.04.2024,05,06,11,12,14,21,22,23,26,33,34,37,42,44,47,57,61,66,82,86
66,26.04.2024,09,13,15,21,23,24,38,50,56,60,65,66,67,72,76,79,82,84,87,89
67,27.04.2024,02,16,18,31,34,43,50,52,59,60,61,62,69,70,74,81,83,85,86,88
68,29.04.2024,05,15,27,30,36,39,43,45,52,53,55,58,62,65,68,74,76,80,84,86
69,30.04.2024,01,03,08,19,26,31,32,40,45,48,49,51,52,56,58,67,71,74,79,87
70,02.05.2024,04,10,12,23,27,28,34,35,37,41,42,43,48,56,71,72,77,79,83,85
71,03.05.2024,02,03,04,05,08,10,11,12,17,21,27,29,33,38,41,50,60,62,69,72
72,04.05.2024,02,05,17,23,30,31,36,39,55,58,59,61,62,70,73,76,81,82,84,88
73,07.05.2024,06,09,15,19,20,21,23,27,38,43,45,46,47,58,60,68,74,75,78,80
74,09.05.2024,06,08,10,16,27,28,29,33,34,35,36,56,57,69,74,75,77,84,85,86
75,10.05.2024,06,10,12,18,24,30,33,41,45,49,52,66,67,68,69,71,74,75,80,89
76,11.05.2024,06,07,12,18,24,26,33,47,49,50,51,54,57,58,67,70,71,75,80,81
77,14.05.2024,09,12,18,20,34,50,54,57,58,62,63,64,65,66,72,74,83,84,89,90
78,16.05.2024,03,09,14,17,22,25,29,30,31,33,35,42,54,58,65,67,75,78,79,81
79,17.05.2024,05,07,09,11,13,23,27,31,35,39,54,57,59,63,65,72,80,87,88,90
80,18.05.2024,01,04,19,20,22,25,35,41,53,56,58,62,63,67,75,77,78,81,84,89
81,21.05.2024,01,02,05,07,23,29,37,40,44,50,53,54,65,66,76,78,80,82,84,86
82,23.05.2024,01,08,14,15,18,24,25,28,34,36,38,46,49,50,55,58,64,74,75,81
83,24.05.2024,02,05,07,12,13,26,28,39,46,47,58,64,68,72,76,82,84,86,88,89
84,25.05.2024,02,08,14,15,20,23,30,40,42,44,46,56,61,64,70,72,77,86,87,90
85,28.05.2024,01,11,12,13,24,27,29,31,33,34,35,37,44,54,55,62,67,75,81,82
86,30.05.2024,01,04,11,26,27,28,29,31,37,45,48,49,52,53,68,70,71,74,83,89
87,31.05.2024,01,02,04,06,11,13,15,18,24,28,32,39,49,54,55,64,75,80,85,90
88,01.06.2024,01,03,08,10,11,18,20,21,24,49,52,55,60,61,69,71,74,76,78,83
89,04.06.2024,01,02,11,20,29,30,31,32,33,37,49,53,56,67,68,69,75,77,84,87
90,06.06.2024,03,04,08,12,13,14,16,18,20,26,27,29,33,42,43,50,61,75,87,90
91,07.06.2024,02,09,14,19,27,29,36,41,47,52,53,55,61,63,64,65,66,69,75,86
92,08.06.2024,12,18,20,27,28,34,36,37,39,43,47,55,60,71,77,80,81,82,84,90
93,11.06.2024,01,02,03,06,16,18,22,28,30,32,34,46,51,58,67,74,78,80,83,90
94,13.06.2024,01,04,13,38,43,47,49,50,52,53,55,59,63,69,70,71,75,77,80,84
95,14.06.2024,04,06,20,24,27,31,37,38,44,49,53,56,66,69,71,73,75,78,79,82
96,15.06.2024,15,22,23,28,31,33,34,39,40,42,47,50,53,58,61,65,79,80,87,89
97,18.06.2024,02,13,15,20,24,33,34,37,47,50,56,61,66,69,71,73,77,82,83,90
98,20.06.2024,11,21,22,24,25,26,30,35,36,48,51,56,63,64,69,71,73,74,80,82
99,21.06.2024,01,06,14,16,19,33,38,41,50,51,58,60,66,71,73,74,75,84,87,90
100,22.06.2024,10,11,13,14,15,16,19,33,35,42,51,59,60,61,63,71,78,82,83,88
101,25.06.2024,03,13,14,16,22,23,26,30,47,50,57,60,62,63,65,66,67,72,77,82
102,27.06.2024,05,08,09,12,16,18,28,46,49,51,52,55,57,58,62,66,68,70,80,87
103,28.06.2024,02,12,19,23,24,28,32,38,44,46,52,54,66,73,76,80,82,84,85,87
104,29.06.2024,04,07,08,11,20,29,30,32,41,46,52,59,61,65,70,74,78,79,83,85
105,02.07.2024,03,07,12,14,15,16,27,29,34,37,40,48,49,57,62,63,65,73,81,90
106,04.07.2024,03,11,12,15,17,24,25,30,33,51,52,54,56,65,71,73,76,78,80,84
107,05.07.2024,06,07,11,12,23,30,31,32,41,42,50,53,54,60,64,65,67,70,84,89
108,06.07.2024,03,05,11,16,24,25,29,31,37,48,52,56,58,62,66,71,75,78,82,88
109,09.07.2024,01,14,15,19,21,22,23,25,26,27,28,32,35,36,39,40,48,54,84,90
110,11.07.2024,04,06,11,35,38,41,42,49,54,58,60,61,66,71,72,73,79,80,87,90
111,12.07.2024,02,06,07,14,15,19,25,31,42,43,47,53,54,60,62,63,67,77,85,86
112,13.07.2024,09,16,18,19,25,40,43,44,45,54,62,64,72,74,77,80,81,82,84,89
113,16.07.2024,10,14,20,21,22,26,29,32,33,36,37,39,43,48,50,58,60,69,73,89
114,18.07.2024,01,04,10,12,15,19,23,30,31,33,36,37,38,44,49,60,66,67,78,82
115,19.07.2024,04,13,15,17,29,30,40,41,44,45,52,60,67,68,72,76,82,85,86,89
116,20.07.2024,02,04,06,07,10,13,17,21,24,28,29,33,37,47,51,52,69,76,81,84
117,23.07.2024,01,02,06,08,09,17,18,34,37,50,53,59,63,64,70,72,76,77,78,79
118,25.07.2024,03,10,11,12,20,30,32,36,37,48,50,51,55,57,59,70,73,76,84,86
119,26.07.2024,06,10,11,14,32,35,50,56,62,63,66,70,71,74,76,77,82,83,85,89
120,27.07.2024,05,08,10,16,17,18,19,26,32,34,39,57,59,63,66,68,71,73,76,80
121,30.07.2024,14,31,37,42,44,46,49,52,53,57,61,66,69,70,71,78,84,85,87,88
122,01.08.2024,04,09,12,18,20,21,28,33,35,37,38,42,45,50,60,62,72,74,83,84
123,02.08.2024,03,07,13,14,17,18,28,29,36,37,56,57,66,71,79,81,84,85,88,89
124,03.08.2024,07,09,15,16,18,19,35,38,41,42,43,47,52,54,56,59,69,70,73,80
125,06.08.2024,05,06,07,09,10,16,20,29,30,35,40,41,47,48,49,62,80,82,83,89
126,08.08.2024,03,06,13,23,34,35,36,39,41,52,56,59,61,63,65,68,69,85,87,88
127,09.08.2024,04,05,14,15,16,26,28,34,36,37,41,42,45,48,57,65,66,69,78,89
128,10.08.2024,01,02,05,09,22,24,29,30,35,39,43,45,46,50,64,67,71,83,88,89
129,13.08.2024,05,19,31,35,37,41,43,44,46,50,61,62,64,69,75,76,81,84,88,89
130,16.08.2024,02,06,08,10,14,25,27,31,33,36,45,53,54,59,67,69,82,84,88,89
131,17.08.2024,05,07,11,17,22,23,37,46,51,54,55,58,60,67,68,70,75,78,85,87
132,19.08.2024,13,16,17,28,30,36,37,38,44,45,46,47,48,56,59,66,74,81,86,87
133,20.08.2024,02,07,20,23,25,27,30,42,43,45,49,50,52,54,56,57,61,64,69,75
134,22.08.2024,10,13,22,26,35,36,37,39,40,50,56,59,68,72,73,75,82,85,87,89
135,23.08.2024,01,07,13,14,18,20,23,27,32,40,41,51,52,54,60,66,67,71,72,74
136,24.08.2024,04,08,12,13,16,17,22,41,43,45,54,57,58,61,63,67,69,72,75,84
137,27.08.2024,04,06,09,10,14,27,34,39,41,50,52,53,60,61,66,67,70,72,80,86
138,29.08.2024,03,10,12,14,16,17,21,22,26,29,39,45,47,55,56,61,67,76,79,82
139,30.08.2024,01,06,09,22,28,46,48,49,50,51,58,59,60,62,65,66,67,81,89,90
140,31.08.2024,01,02,03,19,20,21,22,28,36,41,46,52,53,56,63,69,79,81,84,88
141,03.09.2024,14,15,18,28,29,34,39,40,55,57,61,62,68,70,71,73,75,78,83,84
142,05.09.2024,01,02,05,06,11,14,16,18,36,37,41,49,50,57,58,64,66,67,77,86
143,06.09.2024,01,06,07,08,09,10,15,17,30,44,46,48,53,54,64,79,82,85,86,88
144,07.09.2024,01,09,12,13,24,26,27,31,32,36,51,53,56,57,59,62,72,73,75,85
145,10.09.2024,04,07,08,15,30,44,46,47,49,54,56,60,63,64,65,69,77,80,86,88
146,12.09.2024,03,05,06,07,08,11,13,35,46,54,59,60,63,65,69,72,77,84,85,90
147,13.09.2024,12,13,14,23,24,26,29,31,32,35,37,39,42,44,47,52,60,65,72,79
148,14.09.2024,04,08,09,12,13,19,20,22,27,36,37,40,43,50,51,62,64,65,75,84
149,17.09.2024,05,07,09,18,21,22,29,34,38,49,60,64,65,74,75,77,78,87,89,90
150,19.09.2024,03,14,16,17,23,37,39,41,53,57,59,60,61,64,66,71,73,82,84,88
151,20.09.2024,02,06,07,17,20,26,30,31,38,41,44,46,56,58,64,68,70,72,78,85
152,21.09.2024,02,07,09,11,16,20,26,28,31,35,40,44,47,55,57,63,68,71,80,86
153,24.09.2024,07,09,10,13,15,25,31,34,37,44,45,51,53,58,62,64,65,75,81,84
154,26.09.2024,07,14,17,23,25,28,34,36,37,38,50,55,63,64,66,70,72,75,88,90
155,27.09.2024,05,06,09,11,15,26,29,30,31,37,39,44,48,53,56,63,74,78,79,88
156,28.09.2024,01,02,06,11,27,30,31,37,47,49,51,62,67,68,73,76,81,85,87,89
157,01.10.2024,14,19,21,22,24,25,27,29,31,35,37,42,44,48,62,68,73,75,83,90
158,03.10.2024,05,09,23,24,27,34,35,36,39,40,46,54,56,57,70,71,74,80,87,89
159,04.10.2024,03,05,14,18,19,20,22,24,26,29,37,51,54,56,63,70,75,81,84,89
160,05.10.2024,02,10,11,14,17,24,25,28,29,35,38,41,45,47,52,61,67,68,72,79
161,08.10.2024,04,05,06,10,20,23,35,36,37,38,45,47,49,51,62,63,69,77,78,83
162,10.10.2024,04,07,16,25,43,45,46,48,50,53,54,55,59,60,65,72,78,86,88,89
163,11.10.2024,05,07,08,15,16,18,20,24,25,26,34,44,45,52,58,59,65,76,77,86
164,12.10.2024,03,04,06,12,16,18,27,31,33,41,44,47,51,53,59,61,63,71,78,79
165,15.10.2024,06,11,12,14,17,19,23,24,26,36,41,44,46,47,51,57,64,71,72,76
166,17.10.2024,04,12,14,15,19,22,24,29,35,39,47,48,49,55,64,67,70,75,79,88
167,18.10.2024,05,14,22,23,27,29,40,45,48,52,53,54,67,69,71,74,77,80,83,90
168,19.10.2024,03,05,07,11,14,16,18,20,24,26,29,30,35,43,54,56,62,66,78,82
169,22.10.2024,02,09,10,12,15,18,21,24,25,27,30,35,36,37,42,56,58,59,84,85
170,24.10.2024,02,04,07,08,16,19,22,25,26,27,28,30,32,37,45,48,52,53,64,82
171,25.10.2024,03,07,10,14,17,21,28,31,33,35,39,55,60,61,66,68,74,83,88,90
172,26.10.2024,01,02,11,13,19,32,34,35,37,39,40,48,49,59,66,68,70,74,86,90
173,29.10.2024,03,04,15,17,20,23,24,26,27,42,48,51,57,60,62,65,67,77,78,88
174,31.10.2024,03,05,15,16,20,22,24,25,26,28,32,33,42,47,58,68,74,75,86,90
175,02.11.2024,07,09,13,14,15,22,29,31,36,42,48,51,53,55,63,65,71,76,79,84
176,04.11.2024,01,04,06,09,16,17,28,34,36,40,45,54,56,57,62,63,70,83,84,89
177,05.11.2024,02,06,27,33,35,36,40,45,46,51,55,57,58,67,69,75,76,78,79,87
178,07.11.2024,07,13,18,21,24,25,27,29,32,33,40,42,44,47,53,54,56,58,68,90
179,08.11.2024,02,03,06,10,15,16,20,21,40,45,49,51,52,53,65,67,68,74,87,90
180,09.11.2024,02,18,19,21,23,35,39,41,43,46,47,48,49,59,61,62,63,74,79,90
181,12.11.2024,05,08,09,24,25,26,28,34,41,43,45,46,49,59,66,72,77,79,80,87
182,14.11.2024,02,03,15,18,19,21,23,28,31,37,43,45,53,57,63,75,78,79,80,89
183,15.11.2024,05,06,17,23,26,40,46,47,53,54,58,61,62,69,70,71,75,79,89,90
184,16.11.2024,07,09,10,12,13,14,17,23,24,28,29,35,41,48,61,73,75,77,87,88
185,19.11.2024,11,12,14,15,17,20,22,30,41,44,49,50,51,54,74,79,85,86,87,89
186,21.11.2024,01,03,06,11,15,26,30,34,38,39,43,51,60,61,63,66,76,79,84,85
187,22.11.2024,13,14,23,25,27,30,33,35,39,45,59,66,71,72,78,79,81,82,83,90
188,23.11.2024,04,12,20,28,31,32,33,39,40,46,53,56,57,58,67,76,80,81,82,86
189,26.11.2024,01,02,03,10,15,16,24,28,30,33,35,38,48,50,52,54,60,62,77,89
190,28.11.2024,07,14,16,22,28,30,35,38,52,55,57,59,70,74,75,77,79,82,83,86
191,29.11.2024,02,05,12,13,22,29,32,42,48,53,58,59,65,67,69,76,79,82,88,90
192,30.11.2024,03,13,25,26,34,41,42,43,46,53,55,58,59,63,66,69,73,80,87,90
193,03.12.2024,06,07,12,16,23,25,26,28,37,38,41,50,52,55,58,62,65,67,68,71
194,05.12.2024,03,08,10,15,18,20,22,32,35,42,48,49,51,59,61,64,65,66,76,83
195,06.12.2024,09,13,15,16,17,22,23,24,27,33,39,41,46,56,57,61,62,69,72,85
196,07.12.2024,05,06,08,12,15,21,27,37,39,44,45,46,51,57,59,60,65,79,87,90
197,10.12.2024,01,06,11,15,17,31,33,35,37,42,45,50,55,56,64,69,70,79,83,86
198,12.12.2024,07,10,16,20,25,29,36,39,40,45,52,55,58,59,62,64,70,73,88,89
199,13.12.2024,08,09,10,12,13,24,25,29,32,37,40,44,52,56,57,62,66,77,82,87
200,14.12.2024,05,06,10,13,21,27,34,37,42,45,46,49,51,55,56,57,61,77,79,89
201,17.12.2024,05,20,27,39,40,42,43,46,49,64,67,72,75,76,77,79,80,81,85,88
202,19.12.2024,01,03,10,15,20,24,28,30,32,33,35,53,57,61,68,75,78,79,87,90
203,20.12.2024,01,10,17,19,25,26,28,38,39,40,42,43,45,49,52,70,73,76,78,87
204,21.12.2024,05,09,12,16,19,25,31,33,41,42,45,46,61,69,70,73,74,78,81,87
205,24.12.2024,02,10,12,14,16,17,26,31,43,44,48,50,55,59,63,69,72,83,84,86
206,27.12.2024,11,12,17,20,26,36,37,44,48,49,51,54,55,58,59,61,67,78,85,88
207,28.12.2024,01,05,06,09,10,14,22,27,32,36,39,42,51,55,59,66,67,69,74,88
208,30.12.2024,11,12,27,31,37,39,40,43,45,56,59,64,72,76,77,78,79,81,82,89
209,31.12.2024,06,13,15,20,21,27,31,35,37,38,44,47,51,59,71,76,80,85,86,88
1,02.01.2025,05,06,16,17,22,24,29,35,36,39,42,47,59,64,74,77,80,81,82,85
2,03.01.2025,01,05,21,25,32,36,44,47,49,54,55,60,66,67,68,74,75,77,78,83
3,04.01.2025,04,05,17,25,28,29,37,45,46,48,55,60,65,66,67,71,77,78,80,86
4,07.01.2025,05,08,09,20,29,30,33,34,37,42,46,49,51,55,56,64,73,78,85,89
5,09.01.2025,05,06,08,12,14,17,18,23,31,33,39,41,47,49,59,64,65,68,75,84
6,10.01.2025,02,05,11,17,22,30,31,40,42,43,50,51,55,58,61,66,71,73,80,89
7,11.01.2025,04,05,07,08,10,11,13,25,32,37,43,48,56,60,69,73,75,78,80,89
8,14.01.2025,01,08,12,15,20,23,25,27,33,41,47,48,54,55,68,75,76,78,86,88
9,16.01.2025,03,09,17,24,28,33,36,39,47,54,56,58,70,74,75,76,78,81,86,88
10,17.01.2025,03,05,10,12,20,22,24,29,33,34,36,45,65,68,75,77,81,84,87,90
11,18.01.2025,01,02,07,08,13,21,23,24,25,31,34,44,46,74,76,77,78,84,87,88
12,21.01.2025,09,15,23,30,32,33,44,48,50,58,67,70,71,78,80,81,87,88,89,90
13,23.01.2025,03,09,11,13,14,21,27,36,46,50,52,53,54,56,59,61,74,83,86,90
14,24.01.2025,04,09,14,16,17,19,24,32,35,46,52,57,58,61,65,67,68,85,87,90
15,25.01.2025,02,06,13,20,23,25,27,28,37,40,44,49,51,55,56,59,67,76,82,87
16,28.01.2025,08,11,13,16,21,22,27,31,32,39,42,54,56,60,70,80,85,86,88,90
17,30.01.2025,01,04,09,12,13,16,20,26,29,33,37,43,50,51,56,58,62,63,78,90
18,31.01.2025,01,05,07,09,20,24,25,28,31,32,38,49,51,53,64,65,68,76,87,90
19,01.02.2025,07,12,17,18,22,23,25,39,41,50,56,58,59,60,63,68,73,81,83,87
20,04.02.2025,06,08,09,10,18,19,20,23,30,33,39,43,49,54,55,59,63,67,81,86
21,06.02.2025,02,13,19,20,21,23,28,29,39,40,44,47,52,59,70,74,82,85,86,88
22,07.02.2025,01,03,09,13,31,34,37,38,44,48,53,62,66,73,74,75,76,79,88,90
23,08.02.2025,05,21,24,29,31,32,44,45,54,62,65,69,71,72,75,78,79,83,87,90
24,11.02.2025,01,04,11,24,28,37,39,41,43,45,51,53,57,63,68,75,78,80,83,90
25,13.02.2025,07,14,16,17,21,28,32,36,38,39,43,51,55,56,57,68,78,86,88,89
26,14.02.2025,06,07,11,13,21,27,28,29,30,34,40,43,46,48,49,60,74,80,83,87
27,15.02.2025,01,02,08,10,18,24,26,28,32,33,37,41,47,49,72,74,77,78,81,85
28,18.02.2025,11,21,23,26,34,42,44,49,55,60,62,64,65,68,72,79,82,83,86,89
29,20.02.2025,01,05,07,10,17,26,30,32,37,40,46,51,54,59,60,62,74,75,80,86
30,21.02.2025,01,14,20,28,37,44,45,46,48,49,53,54,59,65,66,70,72,81,88,90
31,22.02.2025,07,08,11,13,17,28,33,38,42,44,47,49,52,56,57,70,71,72,77,83
32,25.02.2025,01,04,07,11,21,24,29,34,44,45,46,54,59,61,62,64,81,84,87,90
33,27.02.2025,01,03,05,15,20,21,28,30,31,38,45,46,49,53,56,61,62,78,79,89
34,28.02.2025,04,07,15,17,21,22,30,33,40,42,45,47,56,57,58,59,64,73,81,85
35,01.03.2025,02,06,11,26,27,32,40,43,44,45,47,48,66,67,68,76,78,80,87,90
36,04.03.2025,03,06,07,08,09,10,11,13,14,23,28,30,36,54,62,67,74,79,81,87
37,06.03.2025,09,23,28,30,31,32,39,41,44,47,51,59,64,66,68,71,79,80,83,89
38,07.03.2025,08,09,11,16,18,19,28,29,33,36,39,53,62,64,73,78,80,88,89,90
39,08.03.2025,02,08,10,23,24,29,30,36,39,40,46,58,60,61,64,69,72,74,78,87
40,11.03.2025,08,11,13,16,20,22,26,30,31,39,42,61,63,65,68,70,76,79,82,88
41,13.03.2025,02,10,11,12,17,22,23,29,36,37,40,49,54,63,70,76,77,83,84,90
42,14.03.2025,01,02,14,25,28,30,36,37,41,43,46,49,50,51,57,60,70,77,80,86
43,15.03.2025,05,07,10,12,13,14,22,23,26,34,38,42,49,54,63,70,71,73,84,86
44,18.03.2025,02,12,19,21,24,25,29,38,39,45,52,53,55,57,59,62,65,72,74,85
45,20.03.2025,01,03,09,10,14,19,24,27,33,46,49,55,56,66,67,68,71,76,79,83
46,21.03.2025,10,11,13,19,28,34,38,46,50,53,56,59,60,66,67,69,75,84,87,89
47,22.03.2025,03,08,09,12,22,32,34,37,41,45,52,55,59,64,67,68,75,80,82,89
48,25.03.2025,03,05,07,13,14,19,30,31,36,38,42,49,50,58,59,67,69,73,75,82
49,27.03.2025,06,10,19,22,30,31,54,56,59,60,61,62,63,64,68,74,76,77,78,88
50,28.03.2025,01,07,10,13,14,18,20,26,41,44,46,47,52,61,66,72,80,81,89,90
51,29.03.2025,06,07,08,15,25,26,36,37,38,51,55,56,63,64,69,77,78,81,87,90
52,01.04.2025,04,13,14,27,29,33,37,42,44,48,51,59,60,61,63,65,73,76,82,88
53,03.04.2025,02,08,10,13,17,20,22,35,43,51,57,59,63,69,71,73,74,77,88,89
54,04.04.2025,01,04,07,10,14,15,16,22,23,28,29,30,37,47,49,55,60,62,77,90
55,05.04.2025,03,04,05,06,10,14,20,26,42,45,56,58,60,63,66,67,70,73,74,80
56,08.04.2025,08,23,26,35,38,40,42,43,44,45,46,50,57,58,68,74,75,86,88,89
57,10.04.2025,08,12,18,19,20,40,49,55,60,62,63,64,68,69,74,81,83,84,87,89
58,11.04.2025,12,14,18,22,28,41,48,49,53,57,58,61,67,68,72,74,75,79,80,86
59,12.04.2025,03,04,06,07,11,12,14,16,25,28,29,30,34,47,48,61,69,81,85,90
60,15.04.2025,03,04,12,17,18,22,28,29,30,33,45,46,48,55,61,64,77,79,83,89
61,17.04.2025,12,13,16,18,23,29,32,36,40,46,49,58,64,66,68,69,78,82,84,87
62,18.04.2025,02,06,16,19,25,33,35,38,44,45,47,54,55,59,61,71,83,85,88,90
63,19.04.2025,06,07,11,17,18,25,36,38,51,54,61,67,68,69,73,74,75,77,80,82
64,22.04.2025,01,05,12,13,17,18,27,31,36,39,47,51,58,65,67,70,71,77,86,89
65,24.04.2025,05,13,19,20,23,24,27,34,51,65,69,74,75,76,78,80,84,87,88,89
66,26.04.2025,02,05,09,11,13,14,23,26,27,28,30,38,42,43,60,62,63,73,81,82
67,28.04.2025,05,16,21,22,35,40,41,43,48,50,54,56,60,62,68,70,72,77,78,80
68,29.04.2025,01,02,03,06,07,10,21,26,27,30,32,37,41,56,62,64,66,74,76,80
69,02.05.2025,03,09,11,16,20,23,26,31,32,33,34,36,53,71,72,75,78,79,82,87
70,03.05.2025,09,14,20,27,28,31,33,36,40,43,44,45,50,53,55,62,65,70,71,85
71,05.05.2025,19,20,21,36,38,41,47,53,56,59,60,62,66,70,73,75,78,80,87,88
72,06.05.2025,06,12,16,19,20,40,41,44,46,47,53,54,71,72,77,78,82,83,84,88
73,08.05.2025,01,09,12,13,27,29,32,38,40,43,58,66,68,71,72,78,86,87,88,89
74,09.05.2025,01,06,12,16,19,21,23,26,32,38,41,48,52,53,58,61,80,85,87,89
75,10.05.2025,01,06,10,12,13,15,20,25,26,29,33,43,46,47,55,59,60,69,72,79
76,13.05.2025,03,04,06,08,11,15,17,30,35,43,50,52,54,57,60,61,63,68,71,76
77,15.05.2025,08,09,11,13,15,27,32,40,50,52,59,60,61,66,70,75,76,78,82,87
78,16.05.2025,05,09,10,17,19,26,36,37,38,54,64,68,69,72,74,75,76,80,81,90
79,17.05.2025,03,04,07,10,13,14,17,26,27,33,35,43,44,45,48,49,58,60,63,68
80,20.05.2025,05,07,09,11,12,13,24,31,36,41,45,51,54,55,57,60,69,74,81,87
81,22.05.2025,01,07,08,18,19,21,28,31,36,37,39,49,50,52,57,65,66,69,71,89
82,23.05.2025,04,06,09,15,18,25,30,33,37,39,41,44,45,61,64,70,73,77,78,88
83,24.05.2025,12,13,18,22,27,34,44,48,52,53,59,62,63,66,69,70,72,78,82,84
84,27.05.2025,04,10,14,15,18,19,24,30,31,33,35,41,55,57,61,64,69,83,86,87
85,29.05.2025,04,10,21,24,26,31,32,40,45,46,52,59,60,65,71,75,81,86,88,90
86,30.05.2025,04,07,15,21,25,27,28,35,37,40,44,46,49,54,58,59,61,72,76,90
87,31.05.2025,01,04,06,07,12,15,32,34,39,44,47,57,63,72,73,80,81,84,86,87
88,03.06.2025,01,04,06,16,19,22,36,38,40,42,49,50,52,56,63,66,77,85,86,88
89,05.06.2025,02,08,10,16,22,24,26,32,33,37,47,51,53,71,76,79,85,87,88,89
90,06.06.2025,01,05,11,13,22,23,26,30,40,41,42,45,57,67,71,73,76,81,88,90
91,07.06.2025,01,09,13,17,18,25,27,37,38,48,50,54,58,66,70,76,78,79,81,86
92,10.06.2025,11,21,27,29,30,32,33,47,48,51,56,57,61,72,73,74,77,80,81,86
93,12.06.2025,03,07,11,16,26,28,31,32,37,38,40,41,44,46,63,64,66,67,68,88
94,13.06.2025,02,04,05,16,20,28,31,38,40,47,50,51,53,54,56,61,64,66,73,90
95,14.06.2025,03,06,11,12,15,24,25,28,30,35,40,43,44,51,66,68,77,79,81,84
96,17.06.2025,01,08,15,16,17,18,28,29,49,50,53,56,57,69,71,76,78,82,89,90
97,19.06.2025,09,11,14,16,21,28,32,36,39,45,56,64,67,71,74,77,79,80,84,87
98,20.06.2025,01,02,12,14,16,19,29,33,36,39,44,45,48,50,53,62,68,72,77,89
99,21.06.2025,03,04,07,11,19,20,21,22,25,29,34,42,47,59,61,64,66,73,74,75
100,24.06.2025,04,06,07,17,20,30,31,33,43,46,48,49,51,54,60,67,70,71,78,88
101,26.06.2025,03,07,14,19,24,31,34,35,44,46,50,53,63,66,67,74,76,77,78,85
102,27.06.2025,07,20,23,26,37,40,46,48,55,56,58,63,64,69,75,78,79,82,87,90
103,28.06.2025,21,25,32,34,36,40,41,46,48,51,52,54,60,63,76,80,82,84,85,89
104,01.07.2025,21,23,26,30,36,41,45,48,50,56,59,63,66,70,71,77,83,84,87,89
105,03.07.2025,10,11,19,20,26,27,33,34,37,38,40,46,47,48,50,66,72,74,78,85
106,04.07.2025,01,04,06,07,08,12,19,20,22,26,30,44,45,53,57,65,67,70,77,83
107,05.07.2025,05,17,20,22,23,25,30,42,46,59,60,65,71,78,84,85,86,87,89,90
108,08.07.2025,05,12,13,15,24,25,29,31,48,52,54,56,60,64,66,73,79,82,83,84
109,10.07.2025,07,12,21,24,25,26,29,40,46,49,50,51,52,63,79,80,81,84,85,86
110,11.07.2025,01,10,13,17,27,28,29,38,39,45,46,54,55,59,60,62,68,75,79,84
111,12.07.2025,06,08,19,20,21,25,27,29,30,32,33,34,36,43,45,47,66,67,72,78
112,15.07.2025,03,05,12,18,20,26,28,31,32,34,36,44,46,47,56,57,58,59,60,81
113,17.07.2025,04,05,09,22,23,27,33,40,44,45,46,52,59,65,67,69,72,75,76,89
114,18.07.2025,01,14,17,19,20,22,26,27,31,33,38,40,48,51,62,71,76,83,87,89
115,19.07.2025,02,07,09,10,18,19,36,37,39,51,57,62,63,64,66,69,70,71,74,83
116,22.07.2025,03,08,11,17,22,29,30,33,35,38,39,45,52,54,55,58,62,64,79,84
117,24.07.2025,04,13,17,18,19,24,27,32,35,41,49,52,55,59,69,71,77,79,82,87
118,25.07.2025,06,07,13,16,24,27,28,29,34,43,46,52,53,54,59,62,72,75,77,84
119,26.07.2025,05,07,08,09,12,16,30,34,38,39,40,56,63,67,70,78,80,81,84,88
120,29.07.2025,13,16,28,35,36,40,43,44,45,50,52,53,56,57,63,70,72,73,75,83
121,31.07.2025,01,02,04,17,18,28,34,35,36,37,42,44,46,51,54,62,71,72,73,89
122,01.08.2025,02,05,06,14,16,21,38,40,45,46,49,57,60,61,62,63,68,78,83,90
123,02.08.2025,06,10,16,20,25,29,33,39,44,49,50,52,65,68,74,76,80,84,85,88
124,05.08.2025,05,12,19,24,28,30,42,43,44,49,52,55,57,61,66,67,73,79,80,90
125,07.08.2025,02,07,13,21,22,24,28,38,42,60,64,68,72,76,79,82,84,85,86,87
126,08.08.2025,07,08,09,10,15,25,26,33,36,37,51,53,56,59,63,72,84,86,87,90
127,09.08.2025,06,11,17,20,30,32,33,38,42,51,55,64,65,68,74,75,80,81,83,84
128,12.08.2025,03,12,16,21,24,29,38,39,44,46,50,55,60,64,68,73,75,78,82,85
129,14.08.2025,01,04,27,28,29,38,43,48,50,52,54,56,57,63,77,79,81,83,85,86
130,16.08.2025,09,11,17,22,25,27,30,38,40,45,46,53,54,57,60,61,66,75,78,86
131,18.08.2025,01,02,14,15,16,18,20,24,29,37,42,43,44,45,46,71,76,77,82,88
132,19.08.2025,01,02,06,12,13,14,16,22,24,32,53,58,60,62,63,70,73,84,85,88
133,21.08.2025,01,05,15,19,23,25,26,29,39,41,48,51,52,54,55,65,78,82,83,86
134,22.08.2025,02,03,05,06,09,14,18,22,28,29,43,47,59,61,74,75,77,79,82,84
135,23.08.2025,05,09,21,24,25,28,29,31,33,35,38,40,41,53,57,58,67,78,82,87
136,26.08.2025,03,08,09,11,13,17,18,20,32,48,50,52,56,59,60,65,70,71,78,82
137,28.08.2025,11,12,15,20,28,32,35,47,48,50,51,52,67,69,73,75,84,87,88,90
138,29.08.2025,03,05,14,17,19,21,22,31,40,48,51,54,61,68,74,76,78,81,84,85
139,30.08.2025,05,07,23,31,35,37,39,44,48,49,51,54,55,56,71,73,79,84,85,88
140,02.09.2025,04,05,06,09,11,17,18,20,23,26,31,34,36,43,55,69,74,77,86,89
141,04.09.2025,02,09,14,24,35,36,37,40,42,53,54,57,58,63,69,70,72,73,79,86
142,05.09.2025,03,05,06,07,08,12,15,16,17,20,21,38,44,46,50,60,73,75,78,80
143,06.09.2025,01,02,08,09,18,23,24,26,27,38,49,55,59,60,61,65,66,76,80,84
144,09.09.2025,20,25,28,29,33,40,47,49,50,51,60,63,66,67,78,80,83,85,86,88
145,11.09.2025,09,12,22,24,34,35,40,41,44,51,57,59,60,62,65,73,74,77,80,89
146,12.09.2025,02,06,09,12,15,19,23,24,32,39,42,52,54,63,64,68,69,76,77,84
147,13.09.2025,10,14,15,21,25,38,39,40,41,45,47,54,57,60,72,74,81,83,85,90
148,16.09.2025,15,18,19,23,24,26,27,28,29,33,35,37,55,57,62,74,78,80,84,89
149,18.09.2025,08,20,22,23,24,27,32,38,43,47,52,53,58,64,66,70,72,73,75,84
150,19.09.2025,03,07,15,23,24,30,31,34,37,38,42,45,55,60,62,69,73,75,77,90
151,20.09.2025,20,21,23,26,27,28,34,36,38,46,47,50,58,63,69,70,73,74,75,82
152,23.09.2025,07,08,10,21,22,24,27,38,48,50,55,58,60,61,62,69,80,83,84,90
153,25.09.2025,02,03,10,12,13,15,22,24,42,52,58,60,64,68,71,72,73,79,81,87
154,26.09.2025,03,06,12,13,15,18,23,24,27,34,37,38,39,40,44,54,59,84,85,90
155,27.09.2025,01,10,15,18,23,26,28,33,38,42,50,51,55,57,58,60,62,66,74,80
156,30.09.2025,05,12,14,16,38,42,46,56,59,61,63,64,67,68,69,74,79,80,81,84
157,02.10.2025,06,08,10,14,17,20,25,26,29,30,37,38,39,40,44,59,60,69,77,89
158,03.10.2025,02,04,06,10,15,23,24,27,36,42,51,53,54,56,62,68,69,70,84,85
159,04.10.2025,05,06,09,12,17,20,24,25,30,32,36,40,42,46,49,54,55,71,72,77
160,07.10.2025,04,05,06,15,21,22,28,35,38,42,43,46,52,53,57,76,79,80,81,90
161,09.10.2025,02,07,08,09,10,14,15,18,28,29,32,33,34,42,65,66,71,73,76,81
162,10.10.2025,01,13,18,20,22,33,38,43,46,50,51,52,58,65,67,69,70,78,79,86
163,11.10.2025,04,06,11,13,16,25,27,29,32,35,36,39,41,47,60,61,67,72,78,81
164,14.10.2025,06,07,09,15,17,24,25,27,28,34,48,49,53,57,58,66,68,72,82,84
165,16.10.2025,03,07,14,18,22,26,29,37,38,40,43,51,60,61,62,63,66,78,80,84
166,17.10.2025,05,12,13,17,21,22,36,38,42,43,54,57,59,63,65,67,75,77,89,90
167,18.10.2025,03,08,11,14,15,21,23,25,32,45,49,54,59,66,67,68,72,79,81,88
168,21.10.2025,11,13,14,22,25,27,40,43,49,50,53,55,56,67,68,74,78,79,88,89
169,23.10.2025,07,08,12,15,19,20,25,28,29,31,39,42,48,59,69,72,81,83,85,86
170,24.10.2025,03,04,11,13,21,22,27,31,32,33,35,43,45,58,68,73,75,77,84,88
171,25.10.2025,09,18,21,24,26,28,29,31,34,36,39,40,45,54,58,64,68,75,79,80
172,28.10.2025,03,14,18,26,36,41,42,43,48,55,62,67,69,71,77,79,80,81,87,88
173,30.10.2025,02,04,06,07,08,12,13,15,17,47,49,53,59,65,67,68,73,74,84,90
174,31.10.2025,02,10,14,23,24,28,30,31,43,44,46,50,53,56,62,64,71,72,77,86
175,03.11.2025,01,11,15,20,21,22,28,29,32,33,50,57,64,65,66,71,74,75,80,90
176,04.11.2025,09,11,15,21,23,30,35,37,47,49,52,55,65,66,72,82,84,85,88,90
177,06.11.2025,10,12,15,16,17,18,25,32,39,43,62,65,66,67,73,75,78,84,86,87
178,07.11.2025,04,05,16,23,24,26,30,37,39,41,44,53,66,73,75,81,85,86,87,90
179,08.11.2025,01,08,10,11,18,20,21,32,36,47,51,55,56,57,59,72,75,86,87,90
180,11.11.2025,07,09,11,22,25,27,40,41,51,58,59,60,62,64,66,67,71,74,81,84
181,13.11.2025,02,08,14,17,18,19,23,25,32,35,40,41,46,57,60,65,69,71,78,87
182,14.11.2025,01,09,16,36,41,43,44,45,46,48,52,53,56,61,67,68,72,73,81,84
183,15.11.2025,10,17,25,26,27,31,36,47,53,57,60,61,66,67,72,74,76,77,83,89
184,18.11.2025,05,07,08,14,17,24,27,35,36,42,45,48,51,52,57,60,69,77,78,82
185,20.11.2025,02,04,09,24,32,38,39,41,42,43,54,55,57,68,69,70,76,78,88,90
186,21.11.2025,01,06,19,21,24,25,28,29,30,33,37,43,44,53,56,59,70,74,77,82
187,22.11.2025,05,07,08,16,17,22,24,27,31,32,44,46,67,68,76,77,81,82,87,90
188,25.11.2025,01,06,10,12,14,20,33,34,39,41,47,48,55,66,73,77,78,79,86,90
189,27.11.2025,01,03,04,05,06,07,09,16,21,25,30,31,32,34,49,60,65,66,74,75
190,28.11.2025,05,07,08,26,27,30,31,38,39,43,49,52,57,67,74,75,78,80,81,84
191,29.11.2025,12,21,22,23,25,26,28,30,36,40,51,52,61,62,71,72,78,80,81,90
192,02.12.2025,04,09,12,14,15,23,25,28,29,39,49,50,57,60,61,62,63,67,79,83
193,04.12.2025,06,12,18,22,26,27,34,35,36,39,45,47,48,50,53,56,72,75,81,90
194,05.12.2025,02,15,16,18,22,23,24,25,32,38,44,49,58,65,68,69,83,87,88,90
195,06.12.2025,01,07,11,12,19,23,25,27,30,34,41,43,45,60,65,69,75,76,79,81
196,09.12.2025,01,11,12,13,16,18,21,22,29,35,38,42,47,56,63,65,70,76,80,81
197,11.12.2025,02,06,07,11,17,18,24,32,36,39,41,45,54,56,76,77,81,84,86,89
198,12.12.2025,02,10,18,19,25,28,38,40,45,57,60,66,70,71,74,75,76,78,84,88
199,13.12.2025,10,11,17,21,35,37,39,45,59,61,63,67,68,71,72,73,76,81,84,86
200,16.12.2025,13,15,17,20,23,32,39,40,41,43,52,53,55,58,60,62,76,78,82,85
201,18.12.2025,08,11,13,18,19,20,32,34,44,45,48,50,61,64,67,72,75,78,81,90
202,19.12.2025,01,02,05,10,15,22,23,29,31,33,45,52,59,65,72,73,78,80,81,88
203,20.12.2025,03,05,06,19,34,40,44,46,48,50,53,55,61,63,66,75,77,78,79,82
204,23.12.2025,01,02,09,10,12,18,22,25,29,32,45,48,49,56,57,62,63,79,82,90
205,24.12.2025,02,06,07,08,10,14,20,25,37,43,44,47,48,49,60,63,74,77,86,87
206,27.12.2025,08,11,12,21,24,26,30,35,37,40,41,45,46,50,53,65,68,78,87,89
207,29.12.2025,01,05,10,21,22,24,25,29,30,31,36,45,47,52,55,59,71,72,78,87
208,30.12.2025,02,03,07,08,15,16,20,21,26,29,36,43,61,64,65,66,70,79,82,86
1,02.01.2026,01,05,14,19,21,41,46,48,53,54,61,64,66,69,70,72,73,77,83,86
2,03.01.2026,02,07,13,15,16,19,21,22,33,34,36,42,45,51,62,65,67,78,81,86
3,05.01.2026,04,10,12,14,20,22,29,30,41,51,52,53,54,55,56,59,60,62,71,74
4,07.01.2026,02,04,05,08,14,16,27,28,31,35,41,44,46,54,66,67,74,78,87,88
5,08.01.2026,01,05,06,12,14,20,22,37,47,51,52,60,66,68,69,70,75,77,81,82
6,09.01.2026,03,06,14,16,23,26,28,32,38,39,44,48,50,52,59,60,68,76,78,80
7,10.01.2026,05,09,11,12,13,19,23,35,40,46,48,53,54,65,67,68,71,79,84,85
8,13.01.2026,02,03,04,05,12,16,21,23,48,49,57,59,60,62,67,68,74,75,85,89
9,15.01.2026,09,11,17,22,25,28,29,47,56,58,59,64,65,67,73,75,76,81,85,88
10,16.01.2026,04,16,17,25,31,32,36,38,42,44,55,56,57,61,65,68,77,78,84,86
11,17.01.2026,04,06,11,12,18,31,32,37,41,44,48,49,50,58,67,75,76,80,83,86
12,20.01.2026,08,12,16,23,29,38,43,44,48,49,51,59,64,70,73,77,78,86,87,89
13,22.01.2026,01,03,07,08,14,16,17,24,26,30,35,42,49,51,52,62,65,82,83,90
14,23.01.2026,03,06,08,10,13,18,21,25,28,33,38,41,42,44,47,53,58,71,74,76
15,24.01.2026,01,02,09,13,23,24,26,28,30,48,55,64,66,71,74,75,76,78,81,84
16,27.01.2026,02,03,04,11,12,13,14,15,18,19,22,23,30,31,42,48,67,69,79,85
17,29.01.2026,02,03,04,12,15,20,26,28,29,42,48,50,52,57,68,71,72,73,75,81
18,30.01.2026,06,07,08,16,22,28,37,42,46,47,49,51,52,59,61,67,70,74,77,80
19,31.01.2026,02,04,06,08,10,13,14,21,22,27,29,33,38,39,48,62,67,71,72,82
20,03.02.2026,07,15,20,21,23,24,26,30,41,47,50,52,65,71,72,75,76,79,84,85
21,05.02.2026,03,04,05,12,13,14,16,21,25,28,29,43,49,56,59,60,63,68,73,78
22,06.02.2026,01,04,08,09,16,18,23,26,30,33,41,48,55,58,59,75,77,78,82,89
23,07.02.2026,05,07,08,13,15,19,25,30,31,35,37,42,45,52,59,62,64,65,66,87
24,10.02.2026,02,10,14,20,26,29,31,34,36,39,43,44,47,50,60,61,63,75,78,87
25,12.02.2026,02,07,09,20,26,27,29,51,52,56,59,71,73,76,77,79,81,87,89,90
26,13.02.2026,01,03,04,07,08,16,20,26,33,37,44,45,51,54,57,58,68,70,71,72
27,14.02.2026,04,06,09,19,21,23,27,37,39,40,49,51,61,64,67,73,77,79,89,90
28,17.02.2026,03,06,09,10,12,14,19,25,30,31,40,41,47,55,62,65,66,72,86,88
29,19.02.2026,07,09,10,28,29,37,45,46,47,52,58,61,66,68,69,73,79,84,86,90
