4447,08/10/2025,04,16,17,36,39
4448,08/10/2025,14,27,32,33,50
4449,08/10/2025,03,10,26,41,43
4450,08/10/2025,17,20,35,51,53
4451,09/10/2025,30,33,38,42,48
4452,09/10/2025,02,07,12,17,35
4453,09/10/2025,02,07,12,24,26
4454,09/10/2025,09,16,33,42,51
4455,10/10/2025,11,20,34,42,43
4456,10/10/2025,27,31,32,41,49
4457,10/10/2025,06,12,23,34,35
4458,10/10/2025,09,21,22,37,50
4459,11/10/2025,03,07,15,45,52
4460,11/10/2025,19,32,35,36,51
4461,11/10/2025,11,33,35,47,52
4462,11/10/2025,07,19,37,44,54
4463,12/10/2025,11,12,15,36,45
4464,12/10/2025,02,07,24,33,53
4465,12/10/2025,26,31,37,38,50
4466,12/10/2025,07,14,29,42,43
4467,13/10/2025,01,05,13,37,49
4468,13/10/2025,07,19,30,33,46
4469,13/10/2025,02,12,15,39,46
4470,13/10/2025,18,19,34,38,45
4471,14/10/2025,28,31,33,53,54
4472,14/10/2025,08,21,23,32,51
4473,14/10/2025,15,16,33,40,45
4474,14/10/2025,12,25,26,35,41
4475,15/10/2025,16,24,31,39,47
4476,15/10/2025,10,36,38,42,51
4477,15/10/2025,21,28,31,47,54
4478,15/10/2025,09,11,38,40,42
4479,16/10/2025,20,21,35,42,50
4480,16/10/2025,01,02,22,28,44
4481,16/10/2025,14,15,17,18,43
4482,16/10/2025,22,24,26,48,53
4483,17/10/2025,01,04,25,33,49
4484,17/10/2025,02,05,06,39,51
4485,17/10/2025,17,30,31,33,54
4486,17/10/2025,10,27,28,37,52
4487,18/10/2025,06,21,28,39,51
4488,18/10/2025,08,17,25,30,52
4489,18/10/2025,20,26,27,39,42
4490,18/10/2025,21,37,38,44,51
4491,19/10/2025,01,13,22,28,52
4492,19/10/2025,15,24,36,37,50
4493,19/10/2025,09,10,21,43,55
4494,19/10/2025,17,26,29,32,53
4495,20/10/2025,01,11,31,40,47
4496,20/10/2025,16,29,30,34,49
4497,20/10/2025,05,06,07,11,20
4498,20/10/2025,04,12,14,34,51
4499,21/10/2025,23,24,26,35,40
4500,21/10/2025,03,06,20,25,30
4501,21/10/2025,01,07,28,33,54
4502,21/10/2025,12,16,17,32,40
4503,22/10/2025,17,19,24,35,44
4504,22/10/2025,34,43,48,51,52
4505,22/10/2025,08,13,26,35,51
4506,22/10/2025,05,18,22,24,27
4507,23/10/2025,13,21,39,49,50
4508,23/10/2025,15,20,25,27,40
4509,23/10/2025,04,16,23,47,54
4510,23/10/2025,09,21,26,32,36
4511,24/10/2025,01,15,17,28,47
4512,24/10/2025,02,12,32,42,53
4513,24/10/2025,03,19,28,32,41
4514,24/10/2025,11,27,36,39,49
4515,25/10/2025,05,26,36,37,54
4516,25/10/2025,18,27,41,53,55
4517,25/10/2025,16,24,27,44,45
4518,25/10/2025,01,32,39,49,52
4519,26/10/2025,13,18,24,27,53
4520,26/10/2025,01,14,20,32,44
4521,26/10/2025,04,12,21,39,44
4522,26/10/2025,01,28,29,40,46
4523,27/10/2025,22,24,25,35,44
4524,27/10/2025,01,04,16,27,47
4525,27/10/2025,02,26,40,51,55
4526,27/10/2025,05,18,29,34,43
4527,28/10/2025,06,08,21,38,49
4528,28/10/2025,14,26,39,45,46
4529,28/10/2025,01,18,25,43,48
4530,28/10/2025,30,32,38,39,50
4531,29/10/2025,12,22,23,42,48
4532,29/10/2025,09,13,26,45,49
4533,29/10/2025,03,26,27,51,54
4534,29/10/2025,17,31,49,52,53
4535,30/10/2025,09,24,48,53,55
4536,30/10/2025,01,11,14,23,30
4537,30/10/2025,05,07,26,52,55
4538,30/10/2025,15,19,27,50,53
4539,31/10/2025,16,35,38,41,46
4540,31/10/2025,15,24,30,43,44
4541,31/10/2025,01,12,26,41,52
4542,31/10/2025,15,23,30,43,47
4543,01/11/2025,01,16,25,31,44
4544,01/11/2025,09,14,24,33,47
4545,01/11/2025,02,03,04,07,19
4546,01/11/2025,24,35,45,54,55
4547,02/11/2025,05,09,29,45,55
4548,02/11/2025,17,18,24,26,53
4549,02/11/2025,02,05,10,38,51
4550,02/11/2025,20,27,28,34,54
4551,03/11/2025,14,16,31,37,40
4552,03/11/2025,04,07,27,44,49
4553,03/11/2025,07,09,15,24,46
4554,03/11/2025,02,04,34,40,44
4555,04/11/2025,02,06,08,23,54
4556,04/11/2025,01,03,30,42,44
4557,04/11/2025,04,13,31,50,55
4558,04/11/2025,01,40,41,44,54
4559,05/11/2025,16,27,33,43,46
4560,05/11/2025,08,10,19,32,49
4561,05/11/2025,10,15,17,21,32
4562,05/11/2025,34,37,44,47,48
4563,06/11/2025,11,15,29,31,41
4564,06/11/2025,21,23,26,27,32
4565,06/11/2025,26,37,41,43,46
4566,06/11/2025,31,32,35,48,51
4567,07/11/2025,02,16,33,40,51
4568,07/11/2025,11,27,35,54,55
4569,07/11/2025,02,20,23,26,46
4570,07/11/2025,03,12,14,42,43
4571,08/11/2025,01,11,24,40,55
4572,08/11/2025,16,22,28,34,48
4573,08/11/2025,03,06,21,27,33
4574,08/11/2025,01,20,43,47,53
4575,09/11/2025,24,39,41,42,43
4576,09/11/2025,18,23,40,45,46
4577,09/11/2025,01,07,30,36,52
4578,09/11/2025,06,14,21,34,55
4579,10/11/2025,04,23,28,33,52
4580,10/11/2025,03,26,44,48,55
4581,10/11/2025,23,24,41,42,55
4582,10/11/2025,12,26,27,47,48
4583,11/11/2025,08,10,11,14,37
4584,11/11/2025,04,13,22,54,55
4585,11/11/2025,01,22,32,34,48
4586,11/11/2025,03,06,12,37,39
4587,12/11/2025,10,26,32,46,50
4588,12/11/2025,06,29,42,48,51
4589,12/11/2025,01,32,45,51,53
4590,12/11/2025,03,07,10,13,31
4591,13/11/2025,10,38,40,44,50
4592,13/11/2025,09,13,15,48,52
4593,13/11/2025,26,34,38,50,52
4594,13/11/2025,09,22,23,35,37
4595,14/11/2025,06,09,14,16,40
4596,14/11/2025,10,12,22,26,44
4597,14/11/2025,33,37,39,46,55
4598,14/11/2025,07,14,17,41,49
4599,15/11/2025,31,40,42,47,53
4600,15/11/2025,03,06,10,49,52
4601,15/11/2025,05,08,19,37,38
4602,15/11/2025,10,13,18,32,55
4603,16/11/2025,02,14,26,45,47
4604,16/11/2025,17,18,32,33,34
4605,16/11/2025,05,09,11,42,46
4606,16/11/2025,23,26,29,34,53
4607,17/11/2025,08,09,46,53,54
4608,17/11/2025,29,32,37,45,55
4609,17/11/2025,26,31,41,51,52
4610,17/11/2025,13,14,19,46,50
4611,18/11/2025,06,10,25,44,45
4612,18/11/2025,22,23,33,35,47
4613,18/11/2025,11,17,18,26,44
4614,18/11/2025,15,36,41,54,55
4615,19/11/2025,22,36,46,50,51
4616,19/11/2025,17,18,30,33,55
4617,19/11/2025,11,21,34,53,54
4618,19/11/2025,03,06,07,26,37
4619,20/11/2025,15,21,24,35,52
4620,20/11/2025,17,29,33,43,49
4621,20/11/2025,01,20,23,39,45
4622,20/11/2025,03,09,17,18,19
4623,21/11/2025,21,24,25,31,54
4624,21/11/2025,05,18,19,34,52
4625,21/11/2025,03,07,14,15,34
4626,21/11/2025,08,09,27,28,52
4627,22/11/2025,04,18,28,29,50
4628,22/11/2025,11,16,24,35,42
4629,22/11/2025,05,42,44,46,47
4630,22/11/2025,12,14,16,22,27
4631,23/11/2025,10,11,18,19,38
4632,23/11/2025,01,03,31,41,53
4633,23/11/2025,10,25,42,49,52
4634,23/11/2025,11,20,24,41,43
4635,24/11/2025,08,17,38,45,46
4636,24/11/2025,07,12,15,39,49
4637,24/11/2025,12,24,34,38,53
4638,24/11/2025,14,29,31,41,54
4639,25/11/2025,26,30,38,44,55
4640,25/11/2025,17,32,45,49,50
4641,25/11/2025,06,08,13,15,37
4642,25/11/2025,01,32,42,51,54
4643,26/11/2025,24,33,35,39,49
4644,26/11/2025,07,21,22,40,50
4645,26/11/2025,04,18,20,28,38
4646,26/11/2025,11,21,25,46,52
4647,27/11/2025,12,16,22,26,50
4648,27/11/2025,24,29,36,45,53
4649,27/11/2025,14,15,28,30,32
4650,27/11/2025,19,40,43,44,52
